ZNGA,20111216,11.00,11.50,9.00,9.50,116817000
ZNGA,20111219,9.50,9.65,8.75,9.39,7492700
ZNGA,20111227,9.34,9.82,9.19,9.41,3385700
ZNGA,20120103,9.52,9.64,8.45,8.81,6614000
ZNGA,20120109,8.53,8.99,7.97,8.87,5147200
ZNGA,20120117,9.10,9.40,8.50,9.09,5424200
ZNGA,20120123,9.15,10.25,8.75,10.05,8925100
ZNGA,20120130,10.02,14.44,10.02,13.39,28059400
ZNGA,20120206,13.56,14.00,12.49,13.33,16878500
ZNGA,20120213,13.70,14.55,11.71,12.93,21233500
ZNGA,20120221,13.05,13.39,12.55,12.93,5589700
ZNGA,20120227,12.89,15.91,12.70,14.69,12176500
ZNGA,20120305,14.34,14.47,13.19,13.89,7088200
ZNGA,20120312,14.04,14.32,12.75,13.03,6664700
ZNGA,20120319,12.91,14.48,12.80,13.40,9618600
ZNGA,20120326,13.37,13.55,12.20,13.15,16891100
ZNGA,20120402,12.99,13.15,11.76,11.91,9605800
ZNGA,20120409,11.60,12.34,11.25,11.85,6547400
ZNGA,20120416,11.94,12.07,9.15,9.22,17176600
ZNGA,20120423,8.92,9.54,8.14,8.52,28280400
ZNGA,20120430,8.71,9.24,7.95,8.33,22625700
ZNGA,20120507,8.30,8.58,7.34,7.48,19061400
ZNGA,20120514,7.46,8.88,6.90,7.16,30178300
ZNGA,20120521,6.85,7.39,6.36,6.61,18433800
ZNGA,20120529,6.41,6.52,5.81,6.01,34009800
ZNGA,20120604,5.98,6.36,5.51,6.05,25532300
ZNGA,20120611,6.10,6.11,4.78,5.56,31295600
ZNGA,20120618,5.62,6.11,5.55,6.00,25320000
ZNGA,20120625,6.00,6.35,5.26,5.44,30123300
ZNGA,20120702,5.45,5.61,5.14,5.36,11366400
ZNGA,20120709,5.31,5.36,4.78,4.90,13815400
ZNGA,20120716,4.89,4.95,4.45,4.80,16633600
ZNGA,20120723,4.83,5.25,2.97,3.09,45809800
ZNGA,20120730,3.10,3.15,2.66,2.72,22995300
ZNGA,20120806,2.72,3.12,2.70,2.95,17273600
ZNGA,20120813,2.97,3.11,2.90,3.00,14169400
ZNGA,20120820,2.98,3.40,2.96,3.27,17655900
ZNGA,20120827,3.24,3.26,2.80,2.80,12197200
ZNGA,20120904,2.81,2.96,2.67,2.88,8182200
ZNGA,20120910,2.85,3.27,2.75,3.18,18511500
ZNGA,20120917,3.25,3.25,3.00,3.24,16220300
ZNGA,20120924,3.11,3.15,2.78,2.84,12795500
ZNGA,20121001,2.83,2.90,2.21,2.48,34607300
ZNGA,20121008,2.42,2.56,2.30,2.43,16556700
ZNGA,20121015,2.41,2.62,2.38,2.40,9157200
ZNGA,20121022,2.43,2.50,2.10,2.31,35140400
ZNGA,20121031,2.25,2.35,2.16,2.30,14574100
ZNGA,20121105,2.32,2.37,2.09,2.12,14940300
ZNGA,20121112,2.12,2.32,2.09,2.21,11912000
ZNGA,20121119,2.21,2.43,2.15,2.32,12312200
ZNGA,20121126,2.30,2.67,2.24,2.46,31712000
ZNGA,20121203,2.43,2.60,2.21,2.55,27102400
ZNGA,20121210,2.55,2.73,2.39,2.54,18140900
ZNGA,20121217,2.54,2.55,2.29,2.33,14427200
ZNGA,20121224,2.31,2.44,2.30,2.33,12080600
ZNGA,20121231,2.32,2.69,2.31,2.63,21544400
ZNGA,20130107,2.67,2.76,2.42,2.59,21216600
ZNGA,20130114,2.64,2.70,2.43,2.45,14594400
ZNGA,20130122,2.44,2.54,2.40,2.49,12712100
ZNGA,20130128,2.51,2.85,2.50,2.66,29627500
ZNGA,20130204,2.63,3.55,2.54,3.43,63433300
ZNGA,20130211,3.55,3.75,3.12,3.20,61774600
ZNGA,20130219,3.27,3.30,2.84,3.19,33327800
ZNGA,20130225,3.49,3.69,3.26,3.43,64355400
ZNGA,20130304,3.53,3.67,3.48,3.57,27856700
ZNGA,20130311,3.70,4.03,3.57,3.62,50262600
ZNGA,20130318,3.51,3.62,3.27,3.42,21973500
ZNGA,20130325,3.46,3.52,3.31,3.36,13962400
ZNGA,20130401,3.37,3.63,3.05,3.55,44717600
ZNGA,20130408,3.54,3.57,3.37,3.42,15913100
ZNGA,20130415,3.39,3.40,3.05,3.19,18702100
ZNGA,20130422,3.25,3.42,3.01,3.35,40179100
ZNGA,20130429,3.38,3.41,3.16,3.22,16308000
ZNGA,20130506,3.17,3.29,3.10,3.23,13696600
ZNGA,20130513,3.20,3.63,3.19,3.38,31264700
ZNGA,20130520,3.39,3.59,3.25,3.39,19265300
ZNGA,20130528,3.42,3.53,3.35,3.40,17095100
ZNGA,20130603,3.41,3.44,2.73,2.84,38517700
ZNGA,20130610,2.81,2.93,2.76,2.82,9772600
ZNGA,20130617,2.82,2.91,2.65,2.71,12095200
ZNGA,20130624,2.64,2.86,2.50,2.78,18248300
ZNGA,20130701,2.77,3.50,2.76,3.43,59987400
ZNGA,20130708,3.45,3.64,3.15,3.50,25263800
ZNGA,20130715,3.50,3.60,3.31,3.36,15067000
ZNGA,20130722,3.41,3.62,2.85,3.01,44417100
ZNGA,20130729,3.00,3.11,2.92,3.00,19562500
ZNGA,20130805,3.00,3.04,2.82,3.00,19520800
ZNGA,20130812,2.97,3.02,2.83,2.90,17080000
ZNGA,20130819,2.88,2.91,2.72,2.89,14237100
ZNGA,20130826,2.86,2.92,2.79,2.83,8337500
ZNGA,20130903,2.86,3.05,2.84,3.02,16484000
ZNGA,20130909,3.03,3.13,2.97,3.08,16422300
ZNGA,20130916,3.10,3.54,3.07,3.48,31867600
ZNGA,20130923,3.46,3.90,3.41,3.78,40301900
ZNGA,20130930,3.63,3.95,3.56,3.76,26590000
ZNGA,20131007,3.70,3.77,3.32,3.61,18316500
ZNGA,20131014,3.54,3.76,3.50,3.67,18192400
ZNGA,20131021,3.70,4.05,3.45,3.73,37445500
ZNGA,20131028,3.66,3.80,3.48,3.58,19815000
ZNGA,20131104,3.61,3.84,3.41,3.46,21052600
ZNGA,20131111,3.47,4.12,3.40,4.02,27039100
ZNGA,20131118,4.05,4.55,3.81,4.38,37056500
ZNGA,20131125,4.43,4.55,4.33,4.35,21690400
ZNGA,20131202,4.39,4.39,3.97,3.99,24709600
ZNGA,20131209,3.99,4.22,3.92,4.11,15812100
ZNGA,20131216,4.11,4.17,3.96,4.00,14828900
ZNGA,20131223,4.00,4.16,3.95,3.95,11852400
ZNGA,20131230,3.95,4.02,3.77,3.97,13600800
ZNGA,20140106,4.06,4.25,3.97,4.11,16015300
ZNGA,20140113,4.09,4.16,3.48,3.55,26126100
ZNGA,20140121,3.54,3.68,3.31,3.50,16221900
ZNGA,20140127,3.45,4.50,3.35,4.40,48837000
ZNGA,20140203,4.19,4.97,4.16,4.53,51525000
ZNGA,20140210,4.67,5.06,4.50,4.87,43592000
ZNGA,20140218,4.89,5.16,4.88,5.00,32434000
ZNGA,20140224,5.00,5.34,4.91,5.06,29404100
ZNGA,20140303,5.05,5.85,4.92,5.58,35450200
ZNGA,20140310,5.55,5.89,5.41,5.46,30833600
ZNGA,20140317,5.58,5.59,4.87,4.95,31276300
ZNGA,20140324,4.87,5.08,4.26,4.42,47897700
ZNGA,20140331,4.52,4.54,4.08,4.20,34999200
ZNGA,20140407,4.26,4.40,4.00,4.07,36485600
ZNGA,20140414,4.15,4.38,3.79,4.29,32936900
ZNGA,20140421,4.33,4.66,4.01,4.08,49901400
ZNGA,20140428,4.08,4.13,3.76,3.86,28991100
ZNGA,20140505,3.84,3.90,3.44,3.48,18460300
ZNGA,20140512,3.53,3.81,3.25,3.35,28144400
ZNGA,20140519,3.27,3.52,3.25,3.28,25606200
ZNGA,20140527,3.32,3.51,3.29,3.45,24422300
ZNGA,20140602,3.44,3.47,2.73,2.98,50989100
ZNGA,20140609,2.99,3.25,2.98,3.10,24486200
ZNGA,20140616,3.04,3.19,3.01,3.04,14205400
ZNGA,20140623,3.06,3.29,3.03,3.23,19166000
ZNGA,20140630,3.24,3.28,3.15,3.19,11377500
ZNGA,20140707,3.16,3.26,2.96,3.24,16472300
ZNGA,20140714,3.24,3.27,2.97,3.05,24627900
ZNGA,20140721,3.06,3.14,3.00,3.00,15915000
ZNGA,20140728,3.00,3.05,2.83,2.87,15449600
ZNGA,20140804,2.88,2.95,2.70,2.88,39015300
ZNGA,20140811,2.90,2.92,2.76,2.91,17576100
ZNGA,20140818,2.93,3.15,2.92,3.08,23260500
ZNGA,20140825,3.07,3.08,2.84,2.90,10253300
ZNGA,20140902,2.90,3.09,2.90,3.08,15345100
ZNGA,20140908,3.08,3.08,2.90,2.92,10165800
ZNGA,20140915,2.93,3.19,2.82,3.06,21944900
ZNGA,20140922,3.02,3.11,2.83,2.83,13659800
ZNGA,20140929,2.81,2.83,2.55,2.62,24247300
ZNGA,20141006,2.62,2.72,2.23,2.37,25250700
ZNGA,20141013,2.39,2.40,2.20,2.29,19109600
ZNGA,20141020,2.27,2.55,2.25,2.37,14248300
ZNGA,20141027,2.37,2.68,2.31,2.55,12662700
ZNGA,20141103,2.55,2.69,2.31,2.43,29992300
ZNGA,20141110,2.46,2.92,2.38,2.77,30998100
ZNGA,20141117,2.78,2.78,2.63,2.69,10896100
ZNGA,20141124,2.71,2.74,2.57,2.60,7378100
ZNGA,20141201,2.58,2.59,2.45,2.51,9071400
ZNGA,20141208,2.52,2.61,2.39,2.50,9573900
ZNGA,20141215,2.49,2.71,2.30,2.70,21098400
ZNGA,20141222,2.70,2.87,2.65,2.67,11446100
ZNGA,20141229,2.66,2.75,2.65,2.73,10079300
ZNGA,20150105,2.70,2.75,2.55,2.64,13131100
ZNGA,20150112,2.61,2.66,2.48,2.61,13098500
ZNGA,20150120,2.61,2.77,2.53,2.73,13819400
ZNGA,20150126,2.72,2.76,2.52,2.56,7421000
ZNGA,20150202,2.56,2.78,2.54,2.74,10061700
ZNGA,20150209,2.75,2.87,2.20,2.24,37242300
ZNGA,20150217,2.25,2.37,2.24,2.32,18216300
ZNGA,20150223,2.30,2.36,2.27,2.30,14536300
ZNGA,20150302,2.29,2.60,2.28,2.54,19635200
