ACU,20130221,12.11,12.15,12.1,12.15,300
ACU,20130225,12.15,12.61,12.1,12.42,2800
ACU,20130304,12.41,12.44,12.15,12.3,5300
ACU,20130311,12.29,12.3,12.2,12.2,1500
ACU,20130318,12.25,12.25,12.11,12.16,2100
ACU,20130325,12.19,12.22,12.15,12.19,1800
ACU,20130401,12.2,12.44,12.17,12.44,3200
ACU,20130408,12.43,12.44,12.26,12.44,1200
ACU,20130415,12.4,12.44,11.99,12.44,3000
ACU,20130422,12.5,12.5,12.04,12.44,4000
ACU,20130429,12.44,13.24,11.95,12.92,10600
ACU,20130506,12.95,13.08,12.7,12.98,3200
ACU,20130513,13,13.4,12.8,12.86,2400
ACU,20130520,12.98,13,12.56,12.65,700
ACU,20130528,12.65,12.76,12.47,12.73,2000
ACU,20130603,12.73,12.73,12.26,12.5,2800
ACU,20130610,12.6,12.84,12.37,12.84,2400
ACU,20130617,12.9,13.11,12.6,12.8,2400
ACU,20130624,12.65,13,12.59,12.86,1500
ACU,20130701,12.86,13.35,12.75,13.35,1800
ACU,20130708,13.35,13.35,12.61,13.1,3300
ACU,20130715,13.08,13.4,12.45,13.4,4100
ACU,20130722,13.38,13.79,13.38,13.75,3300
ACU,20130729,13.88,13.88,13.5,13.5,3400
ACU,20130805,13.84,13.95,13.5,13.91,13000
ACU,20130812,13.93,13.98,13.31,13.75,2500
ACU,20130819,13.88,14,13.5,13.7,4600
ACU,20130826,13.89,14.73,13.25,14.24,9200
ACU,20130903,14.07,14.07,13.25,14.03,4000
ACU,20130909,14.03,14.73,13.66,14.09,4600
ACU,20130916,13.87,14.96,13.76,14.83,4000
ACU,20130923,14.96,15.4,14.56,15.08,2100
ACU,20130930,15.09,15.19,14.09,14.65,1700
ACU,20131007,14.43,15.2,14.25,14.91,2100
ACU,20131014,14.81,15.22,14.2,15.02,2900
ACU,20131021,15.5,15.5,14.53,15.43,5600
ACU,20131028,15.2,15.41,14,15.02,12400
ACU,20131104,14.8,15.47,14.06,14.87,6700
ACU,20131111,14.56,14.96,14.5,14.63,1600
ACU,20131118,14.49,15.26,14.35,14.61,5800
ACU,20131125,14.94,14.95,14.65,14.74,3000
ACU,20131202,14.71,15.25,14.5,15.25,5000
ACU,20131209,15.25,15.5,14.55,14.98,8800
ACU,20131216,15.3,15.3,14.09,14.5,3500
ACU,20131223,14.51,14.6,13.06,14.47,1900
ACU,20131230,14.6,14.9,14.6,14.9,900
ACU,20140106,14.9,15,14.55,14.75,2300
ACU,20140113,14.62,15,10.62,14.5,3100
ACU,20140121,14.36,14.45,14.25,14.3,1500
ACU,20140127,14.35,14.86,14.11,14.65,7300
ACU,20140203,14.95,15.25,14.7,15,4700
ACU,20140210,15,15.49,14.96,15.41,16300
ACU,20140218,15.37,15.5,15.26,15.5,6200
ACU,20140219,15.45,15.5,15.26,15.45,2100
ACU,20140224,15.33,16,15.33,15.93,8800
ACU,20140303,16.3,16.68,15.8,16.6,11600
ACU,20140310,16.7,17.88,16.6,17.58,11400
ACU,20140317,17.72,17.88,16.78,17.6,18600
ACU,20140324,17.81,17.81,16,16.12,5600
ACU,20140331,16.5,17.25,15.95,16.5,31800
ACU,20140407,16.7,19.47,16.28,17.35,17700
ACU,20140414,17.15,17.75,16.89,17.5,7500
ACU,20140421,17.1,17.42,16,17.04,4400
ACU,20140428,17.15,17.2,16.33,16.62,5900
ACU,20140505,16.53,17.07,16.26,16.75,4100
ACU,20140512,16.61,16.9,16.06,16.45,3200
ACU,20140519,16.45,16.45,14.96,16.05,9800
ACU,20140527,16.14,16.5,15.95,16.31,3600
ACU,20140602,16.31,18.06,16.19,17.5,8000
ACU,20140609,17.51,17.78,16.51,16.58,2400
ACU,20140616,16.51,17.09,16.35,16.92,7400
ACU,20140623,17.05,17.05,16.15,16.75,2400
ACU,20140630,16.86,17.6,16.47,16.8,5000
ACU,20140707,16.73,16.97,16.73,16.92,2100
ACU,20140714,16.89,16.98,16.33,16.7,4400
ACU,20140721,16.7,17.65,16.5,17,7000
ACU,20140728,16.7,17.35,16.7,17.3,4400
ACU,20140804,17.3,17.3,16.34,16.72,9100
ACU,20140811,16.85,17.19,16.63,16.75,7400
ACU,20140818,16.75,16.98,16.42,16.79,4600
ACU,20140825,16.57,16.97,16.43,16.85,3300
ACU,20140902,16.85,16.99,16.7,16.73,3000
ACU,20140908,16.71,17.25,16.7,16.93,3500
ACU,20140915,16.94,17.25,16.87,17.25,4300
ACU,20140922,17.14,17.18,16.5,16.5,6400
ACU,20140929,16.41,16.97,16.41,16.9,3000
ACU,20141006,16.9,17.09,16.5,16.58,2500
ACU,20141013,16.99,17.75,16.5,17.29,9700
ACU,20141020,17.34,17.7,16.85,17.54,3700
ACU,20141027,17.5,17.52,17.08,17.25,9400
ACU,20141103,17.25,17.7,17.08,17.4,1600
ACU,20141110,17.25,17.7,17,17.09,2300
ACU,20141117,17.08,17.88,17.06,17.88,3200
ACU,20141124,17.88,18.18,17.53,18,2500
ACU,20141201,18,18.28,17.9,18.21,3300
ACU,20141208,17.89,18.12,17.67,17.8,1000
ACU,20141215,17.85,18.65,17.02,18.15,5600
ACU,20141222,18.41,18.95,18.07,18.9,2600
ACU,20141229,19,20.5,18.92,19.8,13100
ACU,20150105,19.5,19.6,18.48,18.91,9500
ACU,20150112,18.67,19.45,18.67,19.08,6000
ACU,20150120,19.34,19.45,18.65,19.21,6700
ACU,20150126,18.92,19.25,18.25,18.9,5500
ACU,20150202,18.69,19.12,18.31,18.92,10000
ACU,20150209,18.89,19.11,18.2,18.7,6200
ACU,20150217,18.46,18.75,18.46,18.75,3900