BAC,20100310,17.01,17.35,16.68,16.85,179822800
BAC,20100315,16.74,17.32,16.59,16.82,132877900
BAC,20100322,16.62,18.35,16.60,17.90,210323000
BAC,20100329,18.17,18.20,17.67,18.04,126700200
BAC,20100405,18.16,18.86,18.02,18.59,160322800
BAC,20100412,18.68,19.86,18.05,18.41,263558600
BAC,20100419,18.10,18.91,17.87,18.43,225232900
BAC,20100426,18.41,18.44,17.41,17.83,204886300
BAC,20100503,17.88,18.15,15.50,16.18,276444500
BAC,20100510,17.23,17.49,16.12,16.34,196840500
BAC,20100517,16.39,16.75,14.95,15.99,245292200
BAC,20100524,15.98,16.20,14.80,15.74,196955700
BAC,20100601,15.58,16.07,15.25,15.35,131486200
BAC,20100607,15.36,15.70,14.77,15.60,143324700
BAC,20100614,15.70,16.07,15.31,15.82,118820800
BAC,20100621,16.03,16.10,14.98,15.42,138663300
BAC,20100628,15.50,15.55,13.50,13.84,169877500
BAC,20100706,14.13,15.13,13.83,15.11,122264000
BAC,20100712,15.07,15.72,13.96,13.98,190836100
BAC,20100719,13.97,14.02,13.30,13.74,203578100
BAC,20100726,13.85,14.65,13.71,14.04,140219300
BAC,20100802,14.38,14.47,13.75,13.96,120974900
BAC,20100809,14.06,14.07,13.02,13.23,138088600
BAC,20100816,13.13,13.50,12.75,12.87,137456700
BAC,20100823,13.07,13.10,12.41,12.64,145565500
BAC,20100830,12.54,13.69,12.18,13.50,160160400
BAC,20100907,13.38,13.87,13.20,13.55,121147400
BAC,20100913,13.94,14.06,13.34,13.40,138463700
BAC,20100920,13.46,14.00,13.12,13.60,147125100
BAC,20100927,13.61,13.63,13.05,13.30,144574100
BAC,20101004,13.27,13.66,13.10,13.18,152236100
BAC,20101011,13.20,13.64,11.74,11.98,304964300
BAC,20101018,11.96,12.45,11.17,11.44,427616500
BAC,20101025,11.56,11.72,11.03,11.45,228538600
BAC,20101101,11.50,12.71,11.30,12.36,244258100
BAC,20101108,12.62,12.74,12.03,12.12,193172200
BAC,20101115,12.22,12.29,11.53,11.66,149079900
BAC,20101122,11.56,11.59,11.06,11.12,146557100
BAC,20101129,11.14,11.88,10.91,11.86,229979300
BAC,20101206,11.78,12.85,11.50,12.80,227155000
BAC,20101213,12.86,12.88,12.28,12.57,195000400
BAC,20101220,12.59,13.45,12.57,13.06,175350800
BAC,20101227,12.98,13.49,12.96,13.34,92302600
BAC,20110103,13.85,14.69,13.80,14.25,290687700
BAC,20110110,14.17,15.31,14.09,15.25,208624200
BAC,20110118,15.08,15.16,13.94,14.25,245611400
BAC,20110124,14.25,14.26,13.40,13.60,210883100
BAC,20110131,13.71,14.47,13.64,14.29,151438400
BAC,20110207,14.51,14.87,14.35,14.77,149293000
BAC,20110214,14.78,14.95,14.67,14.75,111357900
BAC,20110222,14.38,14.52,13.79,14.20,178111200
BAC,20110228,14.27,14.48,13.81,14.12,139922100
BAC,20110307,14.18,14.70,13.92,14.38,160870300
BAC,20110314,14.26,14.35,13.66,14.04,157912400
BAC,20110321,14.20,14.22,13.32,13.34,143477600
BAC,20110328,13.42,13.61,13.16,13.37,99731600
BAC,20110404,13.40,13.88,13.37,13.48,95806500
BAC,20110411,13.50,13.64,12.82,12.82,134062500
BAC,20110418,12.59,12.60,12.15,12.31,181358800
BAC,20110425,12.33,12.60,12.23,12.28,111500500
BAC,20110502,12.36,12.71,12.20,12.31,115390000
BAC,20110509,12.28,12.43,11.91,11.93,124752400
BAC,20110516,11.89,12.11,11.53,11.58,131781700
BAC,20110523,11.47,11.78,11.29,11.69,117334700
BAC,20110531,11.87,11.92,11.08,11.28,149105100
BAC,20110606,11.18,11.20,10.41,10.80,174645600
BAC,20110613,10.89,11.12,10.40,10.68,177809900
BAC,20110620,10.59,10.94,10.49,10.52,120611600
BAC,20110627,10.52,11.25,10.52,11.09,202190300
BAC,20110705,11.06,11.07,10.61,10.70,124792800
BAC,20110711,10.53,10.55,9.88,10.00,157439500
BAC,20110718,9.88,10.28,9.40,10.13,235210900
BAC,20110725,9.97,10.09,9.60,9.71,140958600
BAC,20110801,10.04,10.05,8.03,8.17,272274200
BAC,20110808,7.40,7.71,6.31,7.19,463042100
BAC,20110815,7.46,7.84,6.75,6.97,265627400
BAC,20110822,7.20,8.80,6.01,7.76,569831500
BAC,20110829,8.10,8.41,7.17,7.25,298488500
BAC,20110906,6.91,7.52,6.80,6.98,250194000
BAC,20110912,6.85,7.39,6.81,7.23,238255400
BAC,20110919,7.06,7.07,6.00,6.31,322406700
BAC,20110926,6.48,6.85,6.11,6.12,216336100
BAC,20111003,6.08,6.33,5.13,5.90,346221300
BAC,20111010,6.14,6.74,6.12,6.19,229611000
BAC,20111017,6.18,6.86,6.03,6.46,299701600
BAC,20111024,6.59,7.43,6.44,7.35,261638900
BAC,20111031,7.09,7.16,6.32,6.49,270293500
BAC,20111107,6.44,6.59,6.01,6.21,242397400
BAC,20111114,6.16,6.24,5.75,5.78,259826600
BAC,20111121,5.66,5.68,5.12,5.17,236005200
BAC,20111128,5.50,5.88,5.03,5.64,342836800
BAC,20111205,5.86,5.95,5.53,5.72,274630000
BAC,20111212,5.59,5.60,5.16,5.20,213788900
BAC,20111219,5.20,5.63,4.92,5.60,256214700
BAC,20111227,5.55,5.58,5.27,5.56,162304800
BAC,20120103,5.75,6.35,5.62,6.18,334353700
BAC,20120109,6.26,7.02,6.19,6.61,329618800
BAC,20120117,6.63,7.29,6.44,7.07,331083200
BAC,20120123,7.13,7.50,7.06,7.29,262989000
BAC,20120130,7.13,7.89,7.02,7.84,271881700
BAC,20120206,7.79,8.35,7.77,8.07,332215400
BAC,20120213,8.27,8.31,7.66,8.02,351746300
BAC,20120221,8.03,8.20,7.88,7.88,217408800
BAC,20120227,7.79,8.24,7.67,8.13,220166400
BAC,20120305,8.09,8.19,7.66,8.05,228618900
BAC,20120312,8.01,9.80,7.91,9.80,422249400
BAC,20120319,9.78,10.10,9.40,9.85,398979800
BAC,20120326,10.01,10.04,9.35,9.57,245911400
BAC,20120402,9.54,9.78,9.11,9.23,194777700
BAC,20120409,9.04,9.18,8.50,8.68,269509100
BAC,20120416,8.87,9.17,8.33,8.36,239508500
BAC,20120423,8.02,8.40,7.95,8.25,173190900
BAC,20120430,8.22,8.40,7.70,7.74,170205200
BAC,20120507,7.71,8.00,7.41,7.55,185070700
BAC,20120514,7.37,7.55,6.89,7.02,210689900
BAC,20120521,7.03,7.33,6.72,7.15,192135300
BAC,20120529,7.28,7.45,6.94,7.02,202700000
BAC,20120604,7.10,7.90,6.85,7.56,235749300
BAC,20120611,7.72,7.90,7.22,7.90,176900200
BAC,20120618,7.77,8.22,7.73,7.94,194410200
BAC,20120625,7.74,8.20,7.48,8.18,156982800
BAC,20120702,8.20,8.21,7.65,7.66,111846200
BAC,20120709,7.63,7.83,7.40,7.82,120449500
BAC,20120716,7.93,7.96,7.06,7.07,182494000
BAC,20120723,6.94,7.40,6.90,7.31,138299600
BAC,20120730,7.28,7.49,7.10,7.43,100212700
BAC,20120806,7.45,7.85,7.44,7.74,83140600
BAC,20120813,7.72,8.12,7.68,8.00,90606600
BAC,20120820,7.98,8.40,7.98,8.16,123823900
BAC,20120827,8.20,8.20,7.83,7.99,96592800
BAC,20120904,8.00,8.80,7.93,8.80,142661100
BAC,20120910,8.84,9.79,8.53,9.55,251244400
BAC,20120917,9.39,9.49,9.08,9.11,137098500
BAC,20120924,8.99,9.21,8.70,8.83,131342500
BAC,20121001,8.87,9.65,8.85,9.32,144641600
BAC,20121008,9.16,9.42,9.04,9.12,125421900
BAC,20121015,9.24,9.60,9.16,9.44,175209100
BAC,20121022,9.47,9.56,9.05,9.12,132115900
BAC,20121031,9.20,9.97,9.15,9.85,173872900
BAC,20121105,9.83,9.97,9.22,9.43,180956400
BAC,20121112,9.50,9.55,8.92,9.12,141817100
BAC,20121119,9.36,9.90,9.32,9.90,122121800
BAC,20121126,9.82,9.95,9.38,9.86,127401300
BAC,20121203,9.93,10.68,9.77,10.64,215230200
BAC,20121210,10.60,10.71,10.46,10.58,134389000
BAC,20121217,10.65,11.52,10.64,11.29,209536200
BAC,20121224,11.27,11.69,11.21,11.36,134759600
BAC,20121231,11.37,12.15,11.30,12.11,174152600
BAC,20130107,12.15,12.20,11.33,11.63,210331600
BAC,20130114,11.61,11.79,11.02,11.14,180852900
BAC,20130122,11.12,11.72,11.09,11.62,121730800
BAC,20130128,11.64,11.73,11.22,11.71,107084900
BAC,20130204,11.58,11.98,11.46,11.76,163935300
BAC,20130211,11.73,12.42,11.67,12.03,166154900
BAC,20130219,12.10,12.31,11.26,11.44,194762600
BAC,20130225,11.60,11.61,10.98,11.34,171935200
BAC,20130304,11.27,12.44,11.22,12.07,171408800
BAC,20130311,12.08,12.66,11.91,12.57,151047600
BAC,20130318,12.29,12.94,12.26,12.56,181669600
BAC,20130325,12.68,12.72,12.11,12.18,122291500
BAC,20130401,12.15,12.28,11.64,11.97,129513300
BAC,20130408,12.00,12.40,11.91,12.17,105614500
BAC,20130415,12.19,12.36,11.23,11.66,199927400
BAC,20130422,11.68,12.54,11.57,12.42,117552200
BAC,20130429,12.45,12.48,12.05,12.24,82813000
BAC,20130506,12.39,13.18,12.36,13.02,166728700
BAC,20130513,12.98,13.55,12.95,13.43,122692900
BAC,20130520,13.39,13.73,12.82,13.24,129851600
BAC,20130528,13.49,13.99,13.27,13.66,143377400
BAC,20130603,13.69,13.73,12.85,13.38,155284300
BAC,20130610,13.49,13.55,12.97,13.07,106664800
BAC,20130617,13.17,13.40,12.39,12.69,133658900
BAC,20130624,12.40,13.03,12.13,12.86,122560400
BAC,20130701,12.95,13.10,12.73,13.06,71396200
BAC,20130708,13.11,13.80,13.08,13.78,107115300
BAC,20130715,13.93,14.85,13.76,14.75,168894900
BAC,20130722,14.74,15.03,14.54,14.73,101389000
BAC,20130729,14.65,14.97,14.45,14.84,96079200
BAC,20130805,14.77,14.84,14.25,14.45,87219400
BAC,20130812,14.36,14.75,14.21,14.42,83879400
BAC,20130819,14.37,14.69,13.98,14.57,89689000
BAC,20130826,14.53,14.70,13.99,14.12,87574300
BAC,20130903,14.30,14.55,14.18,14.36,73125800
BAC,20130909,14.41,14.69,14.37,14.49,69575100
BAC,20130916,14.61,14.83,14.40,14.44,98188100
BAC,20130923,14.31,14.32,13.88,13.90,95850100
BAC,20130930,13.69,14.10,13.60,14.05,82004300
BAC,20131007,13.91,14.28,13.68,14.19,87861900
BAC,20131014,14.06,14.72,14.05,14.63,105005000
BAC,20131021,14.53,14.63,14.07,14.26,90760900
BAC,20131028,14.29,14.32,13.96,14.02,79967800
BAC,20131104,14.09,14.32,13.80,14.32,86117600
BAC,20131111,14.27,14.95,14.20,14.92,99669700
BAC,20131118,14.98,15.79,14.86,15.64,133323900
BAC,20131125,15.67,15.98,15.66,15.82,97097800
BAC,20131202,15.84,15.97,15.36,15.56,96709800
BAC,20131209,15.62,15.68,15.12,15.18,74581600
BAC,20131216,15.22,15.87,15.06,15.60,105675100
BAC,20131223,15.72,15.79,15.58,15.67,40797200
BAC,20131230,15.64,16.50,15.51,16.41,98009800
BAC,20140106,16.63,16.93,16.45,16.77,102894800
BAC,20140113,16.79,17.42,16.40,17.01,155398000
BAC,20140121,17.08,17.16,16.45,16.45,105762200
BAC,20140127,16.37,16.99,16.06,16.75,117650200
BAC,20140203,16.77,16.88,16.15,16.82,125698900
BAC,20140210,16.71,16.92,16.60,16.70,96360000
BAC,20140218,16.70,16.74,16.18,16.29,118293900
BAC,20140224,16.30,16.65,16.13,16.53,94352900
BAC,20140303,16.30,17.63,16.19,17.33,128636500
BAC,20140310,17.27,17.52,16.76,16.80,97479600
BAC,20140317,16.98,18.03,16.97,17.56,115024100
BAC,20140324,17.62,17.65,16.83,16.98,113894200
BAC,20140331,17.15,17.40,16.70,16.72,70366500
BAC,20140407,16.69,16.70,15.62,15.77,104095800
BAC,20140414,16.05,16.41,15.78,16.15,127980100
BAC,20140421,16.15,16.50,15.93,15.95,68024700
BAC,20140428,15.33,15.41,14.86,15.25,144944200
BAC,20140505,15.08,15.13,14.67,14.74,78330900
BAC,20140512,14.79,15.10,14.37,14.51,73248000
BAC,20140519,14.43,14.81,14.38,14.72,55905900
BAC,20140527,15.00,15.31,14.98,15.14,70772600
BAC,20140602,15.16,15.65,15.05,15.59,53877500
BAC,20140609,15.60,15.94,15.33,15.44,65998200
BAC,20140616,15.30,15.69,15.18,15.45,55875300
BAC,20140623,15.47,15.70,15.27,15.33,66037900
BAC,20140630,15.31,16.23,15.29,16.03,70059600
BAC,20140707,15.99,16.00,15.25,15.38,60100800
BAC,20140714,15.62,15.85,15.13,15.49,94544900
BAC,20140721,15.42,15.64,15.36,15.59,49912700
BAC,20140728,15.59,15.67,14.84,14.98,72138500
BAC,20140804,15.07,15.44,14.90,15.20,69511400
BAC,20140811,15.26,15.41,15.14,15.22,40216800
BAC,20140818,15.28,16.29,15.27,16.13,88511000
BAC,20140825,16.27,16.46,15.99,16.09,67611700
BAC,20140902,16.14,16.28,15.90,16.02,66043200
BAC,20140908,16.19,16.83,16.10,16.79,96242500
BAC,20140915,16.80,17.17,16.62,16.95,87121000
BAC,20140922,17.09,17.20,16.85,17.03,91780600
BAC,20140929,16.91,17.30,16.63,17.29,94070200
BAC,20141006,17.37,17.41,16.36,16.48,101958200
BAC,20141013,16.48,16.67,15.43,16.21,129851200
BAC,20141020,16.20,16.73,16.16,16.72,70077100
BAC,20141027,16.68,17.22,16.50,17.16,75664800
BAC,20141103,17.18,17.40,17.02,17.36,57484200
BAC,20141110,17.36,17.46,17.07,17.14,51379400
BAC,20141117,17.06,17.22,16.83,17.12,48995500
BAC,20141124,17.16,17.28,17.03,17.04,38179300
BAC,20141201,16.92,17.71,16.73,17.68,74963000
BAC,20141208,17.66,17.87,17.13,17.13,93929100
BAC,20141215,17.30,17.70,16.59,17.62,94900700
BAC,20141222,17.65,18.10,17.55,17.98,58707000
BAC,20141229,17.97,18.21,17.68,17.90,51643700
BAC,20150105,17.79,17.81,16.78,16.98,102530900
BAC,20150112,17.02,17.03,14.97,15.38,140286200
BAC,20150120,15.59,16.19,15.15,15.73,127719000
BAC,20150126,15.72,15.93,15.15,15.15,87490700
BAC,20150202,15.27,16.75,15.12,16.49,107442300
BAC,20150209,16.35,16.79,16.21,16.61,101161300
BAC,20150217,16.52,16.68,16.01,16.38,87693900
BAC,20150223,16.32,16.55,15.62,15.81,102096600
BAC,20150302,15.79,16.62,15.72,16.22,88649300
