INTC,20100310,20.95,21.37,20.91,21.27,50599600
INTC,20100315,21.16,22.39,21.05,21.99,73540300
INTC,20100322,21.87,22.75,21.84,22.24,53000900
INTC,20100329,22.42,22.64,22.18,22.39,40957200
INTC,20100405,22.48,22.68,22.16,22.55,46178400
INTC,20100412,22.69,24.37,22.44,23.92,109104700
INTC,20100419,23.91,24.25,23.32,24.04,68366200
INTC,20100426,24.08,24.13,22.81,22.84,77328100
INTC,20100503,22.98,23.44,19.90,21.31,108612900
INTC,20100510,22.29,23.17,21.53,21.89,88853100
INTC,20100517,21.75,22.23,20.18,20.91,89807400
INTC,20100524,20.95,21.80,20.03,21.42,78840700
INTC,20100601,21.30,22.00,20.79,20.95,60308800
INTC,20100607,20.94,21.03,19.74,20.64,64490800
INTC,20100614,20.95,21.69,20.82,21.40,55373500
INTC,20100621,21.67,21.69,19.89,20.03,65142900
INTC,20100628,20.11,20.59,18.96,19.20,68785400
INTC,20100706,19.55,20.36,19.25,20.24,62938900
INTC,20100712,20.31,22.28,20.30,21.02,111558400
INTC,20100719,21.17,21.98,21.10,21.69,68890600
INTC,20100726,21.68,21.74,20.58,20.60,61557300
INTC,20100802,20.90,21.28,20.41,20.65,58438700
INTC,20100809,20.79,20.79,19.08,19.15,85095900
INTC,20100816,19.14,19.87,18.76,18.91,84722900
INTC,20100823,18.92,18.98,17.81,18.37,83036500
INTC,20100830,18.25,18.59,17.60,18.43,74253400
INTC,20100907,18.36,18.41,17.75,17.97,73554400
INTC,20100913,18.22,19.08,18.20,18.81,66812000
INTC,20100920,18.89,19.45,18.69,19.42,56667900
INTC,20100927,19.40,20.35,18.88,19.32,58246400
INTC,20101004,19.25,19.58,18.77,19.52,56279900
INTC,20101011,19.59,20.03,19.16,19.32,88920300
INTC,20101018,19.26,19.93,18.90,19.84,69939300
INTC,20101025,19.95,20.56,19.73,20.05,56436800
INTC,20101101,20.35,21.29,20.22,21.24,57521200
INTC,20101108,21.34,21.81,20.55,21.53,63612700
INTC,20101115,21.65,21.66,20.88,21.14,55042000
INTC,20101122,20.92,21.57,20.81,21.34,36695500
INTC,20101129,21.15,21.78,21.07,21.69,48847300
INTC,20101206,21.61,22.07,21.55,21.91,56018900
INTC,20101213,22.01,22.02,21.25,21.46,51012000
INTC,20101220,21.39,21.43,20.70,20.84,36370400
INTC,20101227,20.75,21.08,20.65,21.03,19048400
INTC,20110103,21.01,21.21,20.27,20.66,77343100
INTC,20110110,20.71,21.42,20.57,21.08,85647600
INTC,20110118,21.03,21.20,20.62,20.82,54619800
INTC,20110124,21.03,21.94,20.93,21.46,65032200
INTC,20110131,21.55,21.71,21.03,21.68,55588500
INTC,20110207,21.74,21.86,21.35,21.76,47367600
INTC,20110214,21.63,22.21,21.28,22.14,51246900
INTC,20110222,21.95,22.19,21.01,21.86,64034000
INTC,20110228,21.75,22.08,21.35,21.56,58347700
INTC,20110307,21.69,21.74,20.61,20.87,57972700
INTC,20110314,20.66,20.88,19.71,19.93,69456100
INTC,20110321,19.90,20.60,19.88,20.37,45827200
INTC,20110328,20.44,20.66,19.56,19.72,64273900
INTC,20110404,19.79,20.20,19.36,20.02,57265400
INTC,20110411,20.07,20.20,19.41,19.75,46248800
INTC,20110418,19.53,21.49,19.45,21.46,95025600
INTC,20110425,21.37,23.19,21.33,23.15,93323700
INTC,20110502,23.02,23.86,22.67,23.25,102775100
INTC,20110509,23.13,23.83,22.65,23.41,68962000
INTC,20110516,23.32,23.96,23.08,23.22,77526100
INTC,20110523,22.92,23.03,22.11,22.21,55521300
INTC,20110531,22.45,22.64,21.67,21.73,55742500
INTC,20110606,21.74,22.44,21.26,21.38,49939900
INTC,20110613,21.43,21.92,21.07,21.19,58848100
INTC,20110620,21.19,21.74,21.06,21.20,61803800
INTC,20110627,21.17,22.58,21.00,22.53,40625200
INTC,20110705,22.69,23.39,22.36,23.09,41393400
INTC,20110711,22.84,22.98,22.20,22.37,45301600
INTC,20110718,22.29,23.25,22.08,23.13,56654400
INTC,20110725,22.94,23.28,22.22,22.33,46824400
INTC,20110801,22.57,22.69,20.21,20.79,72567000
INTC,20110808,20.24,21.00,19.52,20.65,95806800
INTC,20110815,20.75,21.07,19.16,19.19,62742200
INTC,20110822,19.55,19.97,19.26,19.77,52410500
INTC,20110829,19.94,20.41,19.57,19.64,43724400
INTC,20110906,19.25,20.30,19.16,19.70,48684300
INTC,20110912,19.53,22.09,19.52,21.97,63174200
INTC,20110919,21.77,22.50,21.22,22.16,72882600
INTC,20110926,22.16,22.98,21.33,21.34,75564100
INTC,20111003,21.18,22.50,20.40,22.29,72301200
INTC,20111010,22.48,23.50,22.47,23.50,49374700
INTC,20111017,23.32,24.50,23.07,24.03,97023900
INTC,20111024,24.05,25.20,24.02,24.98,77383800
INTC,20111031,24.57,24.92,23.28,23.74,54504700
INTC,20111107,23.70,24.90,23.63,24.85,50669500
INTC,20111114,24.78,25.50,24.02,24.29,61772000
INTC,20111121,24.03,24.15,22.51,22.73,47025900
INTC,20111128,23.28,25.14,23.25,24.64,50140200
INTC,20111205,25.03,25.78,24.38,25.01,49781200
INTC,20111212,24.18,24.29,23.14,23.23,72601000
INTC,20111219,23.39,24.40,23.05,24.40,38121900
INTC,20111227,24.45,24.70,24.18,24.25,22967200
INTC,20120103,24.62,25.45,24.39,25.25,44545900
INTC,20120109,25.40,25.92,25.10,25.14,50688600
INTC,20120117,25.18,26.47,24.97,26.38,72336100
INTC,20120123,26.35,27.00,26.34,26.73,58581400
INTC,20120130,26.51,26.95,26.27,26.74,45864300
INTC,20120206,26.55,27.00,26.36,26.70,35263200
INTC,20120213,26.83,27.50,26.35,27.37,40533900
INTC,20120221,27.34,27.37,26.35,26.70,39998800
INTC,20120227,26.52,27.30,26.45,26.92,37948900
INTC,20120305,26.91,27.17,26.20,27.07,33781600
INTC,20120312,27.00,27.96,26.91,27.73,38700600
INTC,20120319,27.66,27.99,27.54,27.88,24025900
INTC,20120326,28.01,28.45,27.67,28.12,34991400
INTC,20120402,28.04,28.45,27.60,28.07,28971200
INTC,20120409,27.73,28.52,27.41,28.09,31487900
INTC,20120416,28.26,28.78,27.44,27.60,50422300
INTC,20120423,27.33,28.53,27.24,28.38,38722300
INTC,20120430,28.42,29.27,27.84,27.90,37670800
INTC,20120507,27.83,27.98,26.75,27.63,40449800
INTC,20120514,27.35,27.40,26.05,26.07,38947300
INTC,20120521,26.06,26.28,24.92,25.74,41129600
INTC,20120529,26.04,26.32,25.12,25.14,37657300
INTC,20120604,25.28,26.48,24.84,26.41,31846600
INTC,20120611,26.55,27.44,25.96,27.34,35561900
INTC,20120618,27.29,27.75,26.61,26.94,47317800
INTC,20120625,26.60,26.65,25.45,26.65,35122800
INTC,20120702,26.51,26.86,25.93,26.16,21773700
INTC,20120709,26.05,26.42,24.68,25.25,39814100
INTC,20120716,25.23,26.42,24.85,25.52,50703800
INTC,20120723,25.05,26.07,24.79,26.02,35115100
INTC,20120730,25.98,26.35,25.67,26.23,29341000
INTC,20120806,26.22,26.90,26.20,26.88,26024200
INTC,20120813,26.76,26.83,26.19,26.33,26649500
INTC,20120820,26.22,26.34,24.70,24.91,37493300
INTC,20120827,24.86,25.01,24.15,24.83,41727300
INTC,20120904,25.03,25.10,24.01,24.19,51438300
INTC,20120910,23.95,24.60,22.83,23.37,56133400
INTC,20120917,23.29,23.52,22.99,23.13,41381300
INTC,20120924,22.93,23.14,22.48,22.66,47981800
INTC,20121001,22.75,23.17,22.27,22.68,46547900
INTC,20121008,22.62,22.62,21.40,21.48,45259200
INTC,20121015,21.53,22.47,21.22,21.27,65563700
INTC,20121022,21.40,22.02,21.30,21.95,57714800
INTC,20121031,22.01,22.54,21.59,22.06,47569900
INTC,20121105,22.02,22.11,20.80,20.80,48545100
INTC,20121112,20.88,20.91,19.77,20.19,47839300
INTC,20121119,19.99,20.45,19.23,19.72,75631200
INTC,20121126,19.69,20.19,19.42,19.57,54304300
INTC,20121203,19.88,20.36,19.50,20.16,48483700
INTC,20121210,20.15,20.99,19.98,20.53,40484300
INTC,20121217,20.55,21.31,20.36,20.77,45072800
INTC,20121224,20.65,20.93,20.21,20.23,23573200
INTC,20121231,20.25,21.48,20.16,21.16,39989700
INTC,20130107,21.28,22.07,21.02,22.00,41776000
INTC,20130114,21.98,23.06,21.03,21.25,70251900
INTC,20130122,21.28,21.29,20.88,20.96,64897300
INTC,20130128,21.01,21.46,20.99,21.36,62730700
INTC,20130204,21.30,21.38,20.70,21.00,33989600
INTC,20130211,21.00,21.30,20.92,21.12,27525400
INTC,20130219,21.18,21.21,20.10,20.42,43117600
INTC,20130225,20.57,21.19,20.23,21.03,47248600
INTC,20130304,21.16,22.04,20.96,21.58,42180300
INTC,20130311,21.53,21.85,21.27,21.38,35433800
INTC,20130318,21.24,21.49,20.90,21.33,34205900
INTC,20130325,21.39,21.98,21.08,21.84,37749200
INTC,20130401,21.67,21.70,20.75,20.94,32785900
INTC,20130408,20.89,22.42,20.80,21.68,51231600
INTC,20130415,21.50,22.45,21.36,22.44,61605100
INTC,20130422,22.48,23.87,22.35,23.40,76029600
INTC,20130429,23.44,24.22,23.40,23.96,49111200
INTC,20130506,24.17,24.57,23.85,24.50,29680800
INTC,20130513,24.41,24.49,23.78,24.04,32977700
INTC,20130520,24.08,24.53,23.58,23.92,37584600
INTC,20130528,24.16,24.71,23.89,24.28,34225100
INTC,20130603,24.88,25.98,24.22,24.59,54780700
INTC,20130610,24.71,25.14,24.40,24.92,26772700
INTC,20130617,25.11,25.68,24.09,24.20,47896200
INTC,20130624,24.08,24.41,23.41,24.23,44667900
INTC,20130701,24.35,24.42,23.45,24.06,23496400
INTC,20130708,23.86,24.00,22.64,23.90,45895900
INTC,20130715,23.84,24.43,22.81,23.04,45592200
INTC,20130722,23.07,23.26,22.63,23.26,64575500
INTC,20130729,23.17,23.50,23.00,23.22,43230400
INTC,20130805,23.00,23.02,22.31,22.51,26600200
INTC,20130812,22.48,22.74,21.89,21.91,28670400
INTC,20130819,22.08,22.70,22.05,22.44,29673800
INTC,20130826,22.40,22.52,21.90,21.98,30039200
INTC,20130903,22.21,22.82,21.97,22.67,28632100
INTC,20130909,22.72,23.46,22.60,23.44,39188800
INTC,20130916,23.63,24.09,23.35,23.77,34987000
INTC,20130923,23.70,23.85,22.88,22.98,25530900
INTC,20130930,22.72,23.17,22.50,22.81,27804400
INTC,20131007,22.71,23.26,22.48,23.26,32321500
INTC,20131014,23.09,23.98,23.03,23.88,35226300
INTC,20131021,23.94,24.24,23.56,24.24,40636800
INTC,20131028,24.18,24.73,24.17,24.33,35767700
INTC,20131104,24.32,24.40,23.77,24.09,26429800
INTC,20131111,24.04,24.62,23.93,24.52,24621100
INTC,20131118,24.61,25.29,23.84,23.87,38366000
INTC,20131125,24.02,24.02,23.50,23.84,29053000
INTC,20131202,24.00,25.25,23.40,24.82,40704700
INTC,20131209,24.84,25.08,24.16,24.29,23009900
INTC,20131216,24.33,25.35,24.33,25.06,36632100
INTC,20131223,25.27,25.80,25.18,25.60,17551500
INTC,20131230,25.67,26.04,25.47,25.78,25556300
INTC,20140106,25.77,25.85,25.25,25.53,25898900
INTC,20140113,25.63,27.12,25.25,25.85,66682900
INTC,20140121,25.79,25.80,24.79,24.81,41529000
INTC,20140127,24.77,25.05,24.40,24.54,29079500
INTC,20140203,24.50,24.51,23.50,24.21,38995500
INTC,20140210,24.11,24.76,24.06,24.76,22363700
INTC,20140218,24.67,24.96,24.35,24.42,23549400
INTC,20140224,24.51,24.98,24.41,24.76,21970200
INTC,20140303,24.55,24.85,24.30,24.64,23634200
INTC,20140310,24.61,25.00,24.40,24.50,24172000
INTC,20140317,24.64,25.68,24.49,25.17,34594000
INTC,20140324,25.21,25.81,24.92,25.62,29159200
INTC,20140331,25.65,26.73,25.62,26.16,32415800
INTC,20140407,26.30,27.09,26.17,26.18,43518800
INTC,20140414,26.31,27.24,26.14,27.04,42294600
INTC,20140421,27.05,27.05,26.19,26.26,26924300
INTC,20140428,26.17,26.70,26.01,26.41,25094600
INTC,20140505,26.16,26.53,25.99,26.30,22348200
INTC,20140512,26.41,26.54,25.74,25.82,24142900
INTC,20140519,25.75,26.30,25.75,26.29,19358400
INTC,20140527,26.33,27.32,26.18,27.32,29675400
INTC,20140602,27.31,28.21,27.12,28.17,27295100
INTC,20140609,28.10,30.06,27.72,29.87,51068600
INTC,20140616,29.72,30.20,29.67,30.20,33250700
INTC,20140623,30.10,31.00,29.85,30.93,36343600
INTC,20140630,30.87,31.36,30.66,31.14,21766800
INTC,20140707,31.09,31.45,30.44,31.25,28128900
INTC,20140714,31.41,34.74,31.16,33.70,67652700
INTC,20140721,33.55,34.83,33.54,34.25,33176700
INTC,20140728,34.23,34.57,33.61,33.74,31760000
INTC,20140804,33.79,34.09,32.39,32.60,33664600
INTC,20140811,32.82,34.23,32.68,34.17,28570100
INTC,20140818,34.26,35.20,33.98,34.94,28403200
INTC,20140825,35.09,35.15,34.61,34.92,21331900
INTC,20140902,34.76,35.12,34.43,35.00,26809400
INTC,20140908,34.96,35.56,34.50,34.62,23167700
INTC,20140915,34.71,35.22,34.23,34.82,28050800
INTC,20140922,34.78,35.03,33.63,34.26,26097800
INTC,20140929,34.06,35.00,33.26,34.03,31621900
INTC,20141006,34.15,34.48,30.50,31.91,38871400
INTC,20141013,31.72,32.67,29.65,31.38,57675600
INTC,20141020,31.04,33.33,30.90,33.18,28119300
INTC,20141027,33.08,34.01,32.40,34.01,35506500
INTC,20141103,33.81,34.78,33.19,33.58,30190000
INTC,20141110,33.43,33.97,33.00,33.95,23546900
INTC,20141117,33.82,36.46,33.76,35.59,37665000
INTC,20141124,35.89,37.69,35.84,37.25,26398700
INTC,20141201,37.21,37.90,36.90,37.67,26759000
INTC,20141208,37.46,37.73,36.22,36.23,27706500
INTC,20141215,36.39,37.16,35.33,36.37,40470400
INTC,20141222,36.39,37.74,36.39,37.55,19385700
INTC,20141229,37.45,37.52,36.11,36.36,17854100
INTC,20150105,36.20,37.11,35.26,36.76,29193800
INTC,20150112,36.90,37.49,35.51,36.45,41024600
INTC,20150120,36.10,37.03,35.57,36.45,30652200
INTC,20150126,36.19,36.30,33.00,33.04,38516200
INTC,20150202,33.06,34.05,32.61,33.30,29888100
INTC,20150209,33.00,34.37,32.67,34.36,21072800
INTC,20150217,34.40,34.75,33.91,34.41,17835000
INTC,20150223,34.40,34.50,33.21,33.25,26043000
INTC,20150302,33.29,34.50,33.08,33.19,25726900
