MSFT,20100310,28.86,29.38,28.80,29.27,37313700
MSFT,20100315,29.18,29.90,29.01,29.59,49959700
MSFT,20100322,29.50,30.57,29.39,29.66,48499300
MSFT,20100329,29.71,29.86,28.62,29.16,51704700
MSFT,20100405,29.13,30.41,28.98,30.34,51696600
MSFT,20100412,30.25,31.00,30.13,30.67,57766600
MSFT,20100419,30.77,31.58,30.65,30.96,76825400
MSFT,20100426,31.00,31.43,30.52,30.54,62563600
MSFT,20100503,30.67,31.06,27.32,28.21,99048000
MSFT,20100510,29.01,29.73,28.57,28.93,61222400
MSFT,20100517,29.12,29.23,26.44,26.84,73215600
MSFT,20100524,26.85,26.86,24.56,25.80,110539900
MSFT,20100601,25.53,26.93,25.52,25.79,74885100
MSFT,20100607,25.82,25.83,24.65,25.66,80518700
MSFT,20100614,25.86,26.67,25.47,26.44,56276600
MSFT,20100621,26.78,26.89,24.31,24.53,82715400
MSFT,20100628,24.51,24.61,22.73,23.27,85888300
MSFT,20100706,23.70,24.62,23.58,24.27,64530300
MSFT,20100712,24.43,25.64,24.42,24.89,61318100
MSFT,20100719,24.96,26.02,24.70,25.81,67709200
MSFT,20100726,25.86,26.41,25.35,25.81,70121500
MSFT,20100802,25.99,26.38,25.02,25.55,62271600
MSFT,20100809,25.55,25.73,24.24,24.40,67321000
MSFT,20100816,24.36,24.96,24.20,24.23,48853100
MSFT,20100823,24.44,24.64,23.51,23.93,55123000
MSFT,20100830,23.74,24.45,23.32,24.29,57957900
MSFT,20100907,24.10,24.30,23.74,23.85,55438500
MSFT,20100913,24.20,25.53,24.09,25.22,74586500
MSFT,20100920,25.28,25.52,24.36,24.78,58992800
MSFT,20100927,24.85,24.99,24.30,24.38,53579600
MSFT,20101004,23.96,24.75,23.78,24.57,63641900
MSFT,20101011,24.74,25.55,24.43,25.54,54793900
MSFT,20101018,25.59,25.95,24.95,25.38,49327000
MSFT,20101025,25.24,27.20,25.06,26.67,75989100
MSFT,20101101,26.88,27.49,26.53,26.85,86224500
MSFT,20101108,26.68,28.87,26.10,26.27,61904400
MSFT,20101115,26.33,26.50,25.55,25.69,57474100
MSFT,20101122,25.65,25.74,25.09,25.25,50318800
MSFT,20101129,25.19,27.06,24.93,27.02,70078000
MSFT,20101206,26.93,27.40,26.76,27.34,44113100
MSFT,20101213,27.27,28.09,27.17,27.90,65357000
MSFT,20101220,27.95,28.40,27.68,28.30,39529700
MSFT,20101227,28.12,28.20,27.63,27.91,21947100
MSFT,20110103,28.05,28.85,27.77,28.60,65727200
MSFT,20110110,28.26,28.59,27.91,28.30,58053900
MSFT,20110118,28.16,28.74,28.02,28.02,55005600
MSFT,20110124,28.02,29.46,27.45,27.75,91460200
MSFT,20110131,27.77,28.11,27.42,27.77,54883200
MSFT,20110207,27.80,28.34,27.07,27.25,63480400
MSFT,20110214,27.21,27.37,26.60,27.06,59515100
MSFT,20110222,26.78,27.10,26.43,26.55,59655900
MSFT,20110228,26.69,26.86,25.80,25.95,59760300
MSFT,20110307,26.13,26.27,25.35,25.68,54354900
MSFT,20110314,25.49,25.76,24.68,24.80,75849900
MSFT,20110321,25.18,25.95,25.15,25.62,43493800
MSFT,20110328,25.66,25.72,25.30,25.48,51616700
MSFT,20110404,25.45,26.31,25.41,26.07,52137700
MSFT,20110411,26.19,26.25,25.09,25.37,45934300
MSFT,20110418,25.10,26.00,24.72,25.52,51359600
MSFT,20110425,25.56,26.87,25.34,25.92,110986400
MSFT,20110502,25.94,26.25,25.48,25.87,69320700
MSFT,20110509,25.80,25.96,24.95,25.03,76461400
MSFT,20110516,24.96,25.07,24.25,24.49,62279800
MSFT,20110523,24.21,25.03,24.03,24.76,52711200
MSFT,20110531,24.96,25.10,23.84,23.91,61603800
MSFT,20110606,23.89,24.25,23.69,23.71,46060400
MSFT,20110613,23.79,24.45,23.65,24.26,56076300
MSFT,20110620,24.17,24.86,24.16,24.30,61838400
MSFT,20110627,24.23,26.17,24.23,26.02,68913700
MSFT,20110705,26.10,26.98,25.90,26.92,49204100
MSFT,20110711,26.62,27.01,26.34,26.78,45539100
MSFT,20110718,26.63,27.64,26.26,27.53,67829100
MSFT,20110725,27.26,28.15,27.19,27.40,88552700
MSFT,20110801,27.51,27.69,25.23,25.68,79064700
MSFT,20110808,25.02,25.62,24.03,25.10,108764600
MSFT,20110815,25.24,25.70,23.91,24.05,68963300
MSFT,20110822,24.42,25.34,23.79,25.25,55974000
MSFT,20110829,25.53,26.86,25.37,25.80,51982100
MSFT,20110906,25.20,26.66,25.11,25.74,56807800
MSFT,20110912,25.44,27.27,25.27,27.12,65613400
MSFT,20110919,26.80,27.50,24.60,25.06,67066700
MSFT,20110926,25.19,26.37,24.73,24.89,56976400
MSFT,20111003,24.72,26.51,24.26,26.25,69998400
MSFT,20111010,26.58,27.50,26.47,27.27,45580500
MSFT,20111017,27.11,27.47,26.40,27.16,57548400
MSFT,20111024,27.06,27.40,26.10,26.98,61141300
MSFT,20111031,26.76,27.00,25.70,26.25,52780000
MSFT,20111107,26.21,27.20,26.06,26.91,44756100
MSFT,20111114,26.88,27.00,25.15,25.30,49987900
MSFT,20111121,25.24,25.25,24.30,24.30,46587800
MSFT,20111128,24.94,25.63,24.69,25.22,53974700
MSFT,20111205,25.78,25.87,25.34,25.70,55994200
MSFT,20111212,25.41,26.17,25.29,26.00,57815000
MSFT,20111219,26.02,26.19,25.44,26.03,47231600
MSFT,20111227,25.96,26.15,25.76,25.96,25280500
MSFT,20120103,26.55,28.19,26.39,28.11,75196100
MSFT,20120109,28.05,28.25,27.37,28.25,58974100
MSFT,20120117,28.40,29.74,27.97,29.71,94303000
MSFT,20120123,29.55,29.95,29.07,29.23,56060700
MSFT,20120130,28.97,30.40,28.83,30.24,52631700
MSFT,20120206,30.04,30.80,29.97,30.50,42405600
MSFT,20120213,30.63,31.55,29.85,31.25,60203300
MSFT,20120221,31.18,31.68,31.00,31.48,42673300
MSFT,20120227,31.24,32.44,31.10,32.08,52756100
MSFT,20120305,32.01,32.21,31.49,31.99,40577800
MSFT,20120312,31.97,32.95,31.82,32.60,47941300
MSFT,20120319,32.54,32.61,31.72,32.01,38389200
MSFT,20120326,32.19,32.70,31.81,32.26,36633100
MSFT,20120402,32.22,32.46,31.05,31.52,44607500
MSFT,20120409,31.22,31.40,30.23,30.81,41250900
MSFT,20120416,30.99,32.89,30.77,32.42,54773000
MSFT,20120423,32.31,32.52,31.83,31.98,49298400
MSFT,20120430,31.98,32.34,30.92,30.98,41268600
MSFT,20120507,30.70,31.54,30.10,31.16,46515500
MSFT,20120514,30.82,31.04,29.17,29.27,53424900
MSFT,20120521,29.10,29.88,28.64,29.06,45109200
MSFT,20120529,29.38,29.72,28.44,28.45,43778100
MSFT,20120604,28.62,29.70,28.32,29.65,44169200
MSFT,20120611,29.73,30.08,28.82,30.02,43291500
MSFT,20120618,29.99,31.14,29.71,30.70,52843500
MSFT,20120625,30.30,30.69,29.42,30.59,42995100
MSFT,20120702,30.62,30.78,29.95,30.19,29655900
MSFT,20120709,30.12,30.23,28.54,29.39,42001600
MSFT,20120716,29.48,31.05,29.04,30.12,42689400
MSFT,20120723,29.57,29.85,28.78,29.76,47599700
MSFT,20120730,29.75,29.94,28.97,29.75,34725500
MSFT,20120806,30.00,30.65,29.81,30.42,26892600
MSFT,20120813,30.35,30.94,30.01,30.90,30065700
MSFT,20120820,30.82,30.96,30.08,30.56,27459300
MSFT,20120827,30.93,30.96,30.22,30.82,28511600
MSFT,20120904,30.45,31.36,30.15,30.95,43306800
MSFT,20120910,30.83,31.25,30.40,31.21,38992300
MSFT,20120917,31.19,31.61,30.91,31.19,53559000
MSFT,20120924,31.00,31.07,29.74,29.76,51424700
MSFT,20121001,29.81,30.25,29.42,29.85,45761200
MSFT,20121008,29.64,29.92,28.80,29.20,42010600
MSFT,20121015,29.37,29.74,28.50,28.64,56819000
MSFT,20121022,28.73,28.83,27.76,28.21,62596700
MSFT,20121031,28.55,29.77,28.50,29.50,66214500
MSFT,20121105,29.62,30.20,28.80,28.83,46495400
MSFT,20121112,28.94,29.01,26.34,26.52,76785300
MSFT,20121119,26.80,27.77,26.46,27.70,57113900
MSFT,20121126,27.54,27.58,26.49,26.62,67295400
MSFT,20121203,26.78,26.98,26.26,26.46,51315900
MSFT,20121210,26.56,27.62,26.52,26.81,46087500
MSFT,20121217,26.79,27.73,26.68,27.45,59487300
MSFT,20121224,27.20,27.25,26.55,26.55,30026800
MSFT,20121231,26.59,27.73,26.37,26.74,49116000
MSFT,20130107,26.77,26.98,26.28,26.83,51560900
MSFT,20130114,26.90,27.47,26.76,27.25,48299900
MSFT,20130122,27.30,28.23,27.00,27.88,73156300
MSFT,20130128,28.01,28.23,27.40,27.93,50995100
MSFT,20130204,27.87,28.02,27.10,27.55,39837300
MSFT,20130211,27.65,28.16,27.50,28.01,38453600
MSFT,20130219,27.88,28.20,27.23,27.76,40849000
MSFT,20130225,27.97,28.05,27.33,27.95,41003900
MSFT,20130304,27.85,28.54,27.70,28.00,39580500
MSFT,20130311,27.94,28.16,27.64,28.04,50720200
MSFT,20130318,27.88,28.49,27.81,28.25,39022500
MSFT,20130325,28.30,28.66,27.96,28.61,40869800
MSFT,20130401,28.64,28.95,28.11,28.70,37782100
MSFT,20130408,28.73,30.32,28.47,28.79,75483900
MSFT,20130415,28.65,30.24,28.50,29.77,63733600
MSFT,20130422,30.30,32.84,30.27,31.79,89295400
MSFT,20130429,31.80,33.52,31.77,33.49,56291300
MSFT,20130506,33.42,33.91,32.32,32.69,43693000
MSFT,20130513,32.61,34.87,32.55,34.87,51850200
MSFT,20130520,34.73,35.27,33.90,34.27,50609500
MSFT,20130528,34.42,35.28,34.41,34.90,48480200
MSFT,20130603,34.92,35.78,34.43,35.67,48236600
MSFT,20130610,35.51,35.65,34.25,34.40,42330100
MSFT,20130617,34.69,35.17,33.05,33.27,49787000
MSFT,20130624,32.94,34.79,32.57,34.54,48677300
MSFT,20130701,34.75,34.99,33.58,34.21,27691400
MSFT,20130708,34.35,35.77,33.98,35.67,35302700
MSFT,20130715,35.66,36.43,31.02,31.40,81156300
MSFT,20130722,31.70,32.19,31.21,31.62,59900100
MSFT,20130729,31.47,32.12,31.40,31.89,38065200
MSFT,20130805,31.90,33.07,31.25,32.70,38245800
MSFT,20130812,32.46,33.36,30.84,31.80,35936300
MSFT,20130819,31.76,35.20,31.37,34.75,68990900
MSFT,20130826,34.40,34.67,32.80,33.40,52728200
MSFT,20130903,31.75,32.07,30.95,31.15,110976800
MSFT,20130909,31.22,33.07,31.20,33.03,43871200
MSFT,20130916,33.38,33.68,32.69,32.79,69317500
MSFT,20130923,32.54,33.75,32.15,33.27,38654100
MSFT,20130930,33.00,34.03,32.70,33.88,39043300
MSFT,20131007,33.60,34.14,32.80,34.13,36974700
MSFT,20131014,33.90,34.99,33.78,34.96,36627600
MSFT,20131021,34.98,36.29,33.57,35.73,58635200
MSFT,20131028,35.61,35.79,35.26,35.53,37806000
MSFT,20131104,35.59,38.22,35.55,37.78,53173300
MSFT,20131111,37.69,38.16,36.90,37.84,40053300
MSFT,20131118,37.35,37.68,36.67,37.57,36165800
MSFT,20131125,37.93,38.29,37.35,38.13,28301100
MSFT,20131202,38.09,38.98,37.18,38.36,59961200
MSFT,20131209,38.56,38.90,36.62,36.69,36809300
MSFT,20131216,36.73,37.11,35.53,36.80,47484600
MSFT,20131223,36.81,37.62,36.55,37.29,17886800
MSFT,20131230,37.22,37.58,36.60,36.91,23890200
MSFT,20140106,36.85,36.89,35.40,36.04,43288600
MSFT,20140113,35.99,37.00,34.63,36.38,43324800
MSFT,20140121,36.82,37.55,35.52,36.81,43455200
MSFT,20140127,36.87,37.89,35.75,37.84,52314100
MSFT,20140203,37.74,37.99,35.69,36.56,48637500
MSFT,20140210,36.63,37.86,36.29,37.62,31000600
MSFT,20140218,37.63,38.35,37.21,37.98,32032900
MSFT,20140224,37.69,38.46,37.19,38.31,35796300
MSFT,20140303,37.92,38.48,37.49,37.90,25442700
MSFT,20140310,37.99,38.45,37.51,37.70,26816400
MSFT,20140317,37.90,40.94,37.79,40.16,52026400
MSFT,20140324,40.34,40.99,39.34,40.30,42022100
MSFT,20140331,40.43,41.66,39.64,39.87,37941400
MSFT,20140407,39.96,40.69,39.00,39.21,36233500
MSFT,20140414,39.11,40.42,38.90,40.01,33320100
MSFT,20140421,40.13,40.68,39.30,39.91,34627800
MSFT,20140428,40.14,41.29,39.66,39.69,37581800
MSFT,20140505,39.52,39.90,38.51,39.54,30617100
MSFT,20140512,39.74,40.50,39.27,39.83,27253200
MSFT,20140519,39.61,40.37,39.46,40.12,21295700
MSFT,20140527,40.26,40.97,39.81,40.94,26581900
MSFT,20140602,40.95,41.66,39.86,41.48,23141500
MSFT,20140609,41.39,41.57,40.29,41.23,20861100
MSFT,20140616,41.04,41.91,40.34,41.68,28282800
MSFT,20140623,41.73,42.29,41.43,42.25,32709300
MSFT,20140630,42.17,42.21,41.53,41.80,23474900
MSFT,20140707,41.75,42.12,41.05,42.09,23510800
MSFT,20140714,42.22,45.71,42.03,44.69,47907100
MSFT,20140721,44.56,45.45,44.22,44.50,38105200
MSFT,20140728,44.36,44.51,42.60,42.86,30415300
MSFT,20140804,42.97,43.47,42.21,43.20,28887000
MSFT,20140811,43.26,44.90,43.00,44.79,25119300
MSFT,20140818,44.94,45.47,44.68,45.15,24076200
MSFT,20140825,45.40,45.44,44.61,45.43,18467200
MSFT,20140902,45.43,45.93,44.53,45.91,30019000
MSFT,20140908,46.02,47.02,45.99,46.70,36160500
MSFT,20140915,46.54,47.57,46.10,47.52,68393800
MSFT,20140922,47.30,47.38,45.76,46.41,31771000
MSFT,20140929,45.98,46.56,45.61,46.09,30957000
MSFT,20141006,46.12,46.89,43.95,44.03,33151900
MSFT,20141013,43.82,44.56,42.10,43.63,45031600
MSFT,20141020,43.06,46.90,42.81,46.13,42212200
MSFT,20141027,45.71,46.97,45.71,46.95,31119100
MSFT,20141103,46.89,48.92,46.73,48.68,25629800
MSFT,20141110,48.65,50.05,48.52,49.58,27565500
MSFT,20141117,49.41,49.71,47.57,47.98,28974300
MSFT,20141124,47.99,48.20,47.28,47.81,28035000
MSFT,20141201,47.88,49.06,47.71,48.42,27620600
MSFT,20141208,48.26,48.35,46.67,46.95,28946800
MSFT,20141215,47.20,48.10,44.90,47.66,43335300
MSFT,20141222,47.78,48.80,47.71,47.88,18712400
MSFT,20141229,47.70,47.78,46.45,46.76,20072600
MSFT,20150105,46.37,47.82,45.49,47.19,31764700
MSFT,20150112,47.42,47.91,45.17,46.24,31415900
MSFT,20150120,46.30,47.39,45.48,47.18,34338100
MSFT,20150126,47.00,47.13,40.35,40.40,87557300
MSFT,20150202,40.59,42.79,40.23,42.41,42981900
MSFT,20150209,42.24,43.87,42.18,43.87,34569600
MSFT,20150217,43.97,44.00,43.05,43.86,29532900
MSFT,20150223,43.70,44.30,43.65,43.85,30063000
MSFT,20150302,43.67,44.19,42.15,42.36,29598800
