AAU,20150217,1.12,1.13,1.1,1.12,109100
AAU,20150209,1.13,1.15,1.07,1.1,189800
AAU,20150202,1.2,1.2,1.1,1.13,241100
AAU,20150126,1.17,1.22,1.11,1.2,206500
AAU,20150120,1.17,1.27,1.14,1.15,430800
AAU,20150112,1.14,1.18,1.03,1.12,596000
AAU,20150105,0.95,1.19,0.95,1.14,394000
AAU,20141229,0.94,1.01,0.92,0.95,156900
AAU,20141222,0.93,0.99,0.9,0.97,105100
AAU,20141215,0.96,1.01,0.86,0.97,184900
AAU,20141208,1.05,1.08,0.93,0.96,178400
AAU,20141201,1.06,1.07,0.99,1.05,127700
AAU,20141124,1.04,1.07,0.99,1.06,101500
AAU,20141117,1.1,1.18,1.04,1.06,174600
AAU,20141110,1.05,1.13,1.02,1.13,168400
AAU,20141103,1.18,1.18,0.97,1.05,255300
AAU,20141027,1.14,1.3,1.1,1.18,190800
AAU,20141020,1.29,1.35,1.15,1.17,134300
AAU,20141013,1.32,1.32,1.25,1.28,60600
AAU,20141006,1.26,1.35,1.21,1.32,112700
AAU,20140929,1.39,1.39,1.2,1.25,116900
AAU,20140922,1.4,1.45,1.3,1.35,153100
AAU,20140915,1.6,1.64,1.4,1.42,183900
AAU,20140908,1.55,1.64,1.45,1.58,248700
AAU,20140902,1.41,1.55,1.33,1.51,470200
AAU,20140825,1.44,1.45,1.39,1.43,51700
AAU,20140818,1.49,1.51,1.39,1.43,66700
AAU,20140811,1.48,1.53,1.42,1.49,145100
AAU,20140804,1.36,1.45,1.35,1.45,70000
AAU,20140728,1.37,1.44,1.34,1.4,77000
AAU,20140721,1.5,1.5,1.27,1.36,202700
AAU,20140714,1.38,1.49,1.38,1.47,141300
AAU,20140707,1.42,1.59,1.37,1.44,437600
AAU,20140630,1.36,1.47,1.34,1.42,92100
AAU,20140623,1.48,1.51,1.32,1.36,204200
AAU,20140616,1.45,1.52,1.34,1.47,283200
AAU,20140609,1.32,1.46,1.28,1.45,174200
AAU,20140602,1.31,1.35,1.29,1.31,70400
AAU,20140527,1.34,1.35,1.28,1.35,79000
AAU,20140519,1.3,1.36,1.3,1.34,62800
AAU,20140512,1.3,1.36,1.27,1.3,57800
AAU,20140505,1.38,1.4,1.28,1.31,45900
AAU,20140428,1.44,1.47,1.35,1.38,44400
AAU,20140421,1.37,1.48,1.33,1.47,91500
AAU,20140414,1.39,1.44,1.27,1.37,147900
AAU,20140407,1.46,1.5,1.36,1.37,79300
AAU,20140331,1.35,1.5,1.35,1.5,95200
AAU,20140324,1.4,1.43,1.31,1.37,138500
AAU,20140317,1.54,1.55,1.4,1.4,178200
AAU,20140310,1.54,1.67,1.49,1.53,326100
AAU,20140303,1.65,1.72,1.54,1.56,145800
AAU,20140224,1.7,1.74,1.55,1.6,148700
AAU,20140219,1.81,1.81,1.61,1.69,183500