CHK,20100310,25.90,25.98,25.38,25.64,11545300
CHK,20100315,25.39,25.55,23.40,24.21,20479400
CHK,20100322,23.74,23.75,22.10,22.37,32065500
CHK,20100329,22.70,24.30,22.57,24.12,19987100
CHK,20100405,24.44,24.70,23.64,24.56,13049200
CHK,20100412,24.57,24.91,23.75,23.88,14680800
CHK,20100419,23.63,24.91,23.30,24.89,13103300
CHK,20100426,24.84,24.94,23.11,23.80,14267800
CHK,20100503,23.99,24.30,21.00,21.91,19251500
CHK,20100510,22.96,23.96,22.18,22.62,18048600
CHK,20100517,22.63,22.84,20.10,21.01,19966800
CHK,20100524,20.92,22.75,19.62,22.34,17763900
CHK,20100601,22.02,25.46,21.57,24.09,27939600
CHK,20100607,24.41,24.98,23.26,24.64,18432100
CHK,20100614,24.93,25.55,24.53,24.61,13108700
CHK,20100621,25.08,25.46,22.58,22.98,15473700
CHK,20100628,23.10,23.10,20.31,20.51,13658800
CHK,20100706,21.00,21.72,20.34,21.48,12628700
CHK,20100712,21.48,21.77,20.72,20.87,10150000
CHK,20100719,20.66,21.87,20.58,21.81,11101800
CHK,20100726,21.93,22.17,20.75,21.03,12126400
CHK,20100802,21.40,22.60,21.17,22.29,12072400
CHK,20100809,22.40,22.50,20.78,20.78,9239100
CHK,20100816,20.81,21.41,20.35,20.38,9464400
CHK,20100823,20.37,20.85,19.68,20.81,10741000
CHK,20100830,20.81,21.81,20.55,21.72,8960900
CHK,20100907,21.56,21.58,20.84,21.20,9232500
CHK,20100913,21.40,21.82,21.13,21.46,10158900
CHK,20100920,21.49,21.80,20.74,21.56,12145000
CHK,20100927,21.51,23.10,21.27,22.80,12689000
CHK,20101004,22.81,23.18,22.08,23.05,12844400
CHK,20101011,24.25,24.32,22.68,22.99,21908400
CHK,20101018,22.98,23.03,21.14,21.20,17713100
CHK,20101025,21.41,21.78,20.97,21.68,13714800
CHK,20101101,22.02,22.34,21.75,22.27,15274600
CHK,20101108,22.26,23.62,22.22,22.72,15938500
CHK,20101115,22.94,22.98,21.77,22.64,11805100
CHK,20101122,22.60,22.60,21.77,21.99,7558600
CHK,20101129,21.95,22.23,21.11,22.16,14881400
CHK,20101206,22.14,23.22,22.07,22.92,13671100
CHK,20101213,23.06,23.74,22.76,23.30,13276700
CHK,20101220,23.81,25.79,23.77,25.61,18256200
CHK,20101227,25.48,26.43,25.26,25.91,7002200
CHK,20110103,26.39,27.36,25.93,26.95,11797100
CHK,20110110,26.83,28.00,26.53,27.66,12053900
CHK,20110118,27.71,28.13,27.25,27.80,10944500
CHK,20110124,27.58,28.19,27.23,27.33,10277700
CHK,20110131,27.52,31.43,27.47,30.06,19475100
CHK,20110207,31.07,32.17,30.30,30.84,16081700
CHK,20110214,30.76,31.59,30.16,30.43,9522300
CHK,20110222,31.92,35.80,31.54,35.37,30865400
CHK,20110228,35.72,35.95,32.85,33.57,13905000
CHK,20110307,33.76,34.54,30.76,32.81,12279900
CHK,20110314,33.55,35.37,32.20,33.37,19038100
CHK,20110321,33.76,34.40,33.34,34.24,12618600
CHK,20110328,34.38,34.75,33.04,33.50,12754100
CHK,20110404,33.52,34.70,33.10,34.02,11921600
CHK,20110411,34.41,34.44,31.64,32.73,10892200
CHK,20110418,32.19,32.96,31.30,32.69,11244700
CHK,20110425,32.55,33.72,32.38,33.67,7297000
CHK,20110502,33.89,33.90,29.60,30.95,15477900
CHK,20110509,31.18,31.82,29.63,29.78,10994900
CHK,20110516,29.82,31.05,28.75,30.62,10510800
CHK,20110523,29.95,31.64,29.86,31.11,8838800
CHK,20110531,31.61,31.70,29.89,30.53,7182200
CHK,20110606,30.53,30.85,29.10,29.24,7821300
CHK,20110613,29.28,29.58,27.77,28.02,9297300
CHK,20110620,27.65,29.44,27.50,28.01,7851300
CHK,20110627,27.33,30.27,27.28,30.10,10751000
CHK,20110705,29.93,30.86,29.83,30.58,9031900
CHK,20110711,30.14,32.96,29.39,32.96,14031800
CHK,20110718,32.63,34.42,32.30,34.39,11564000
CHK,20110725,33.81,35.07,33.16,34.35,12861600
CHK,20110801,35.39,35.75,29.58,30.68,24289600
CHK,20110808,28.71,32.03,26.97,31.30,20242200
CHK,20110815,31.58,32.59,29.15,29.31,11497100
CHK,20110822,29.79,30.83,28.17,30.52,10716300
CHK,20110829,30.91,33.87,30.87,32.11,11684100
CHK,20110906,30.68,32.51,30.13,30.38,14792400
CHK,20110912,29.65,32.07,29.52,31.82,10349300
CHK,20110919,31.11,31.66,25.92,26.04,14187800
CHK,20110926,26.27,29.60,25.54,25.55,15701400
CHK,20111003,25.26,26.74,22.52,25.35,17323000
CHK,20111010,26.06,27.75,26.00,27.75,8736800
CHK,20111017,27.76,28.06,25.94,27.81,11416200
CHK,20111024,28.21,29.87,27.16,29.74,10480000
CHK,20111031,29.36,29.85,26.50,27.07,18946100
CHK,20111107,27.38,27.49,25.30,26.45,19585800
CHK,20111114,26.16,26.28,24.23,24.33,14032700
CHK,20111121,23.89,24.34,22.41,22.42,9162400
CHK,20111128,23.39,26.16,23.08,25.44,13692600
CHK,20111205,25.80,25.94,24.15,24.66,10902000
CHK,20111212,24.31,24.31,22.50,22.98,10449400
CHK,20111219,22.99,23.88,22.00,23.73,8812600
CHK,20111227,23.59,23.84,22.29,22.29,7954000
CHK,20120103,23.20,24.31,22.47,23.98,18031100
CHK,20120109,23.61,23.95,21.35,21.41,18407700
CHK,20120117,21.50,21.68,20.41,20.96,22531600
CHK,20120123,22.31,23.49,21.62,22.05,25760600
CHK,20120130,21.85,22.36,20.63,22.31,21031500
CHK,20120206,22.10,22.75,21.56,22.13,16928400
CHK,20120213,22.70,24.99,22.25,24.71,23167800
CHK,20120221,25.04,25.86,23.64,25.45,22850900
CHK,20120227,25.41,25.44,24.26,24.33,14816800
CHK,20120305,24.19,24.97,23.35,24.55,11692100
CHK,20120312,24.55,25.18,23.72,25.06,11624900
CHK,20120319,25.03,26.09,24.05,24.66,13872300
CHK,20120326,24.89,24.89,22.52,23.17,12483400
CHK,20120402,23.08,23.69,22.00,22.15,13701100
CHK,20120409,21.83,21.94,19.75,19.95,21931300
CHK,20120416,19.96,19.99,17.17,17.44,40374400
CHK,20120423,17.05,18.57,16.78,17.72,37745600
CHK,20120430,18.05,20.63,16.70,17.39,72070000
CHK,20120507,17.44,17.83,14.49,14.81,46448000
CHK,20120514,15.52,16.47,13.32,14.36,59278600
CHK,20120521,14.33,16.24,14.23,15.81,35830700
CHK,20120529,16.63,17.13,15.48,15.58,39114200
CHK,20120604,16.12,18.53,15.56,18.36,38258100
CHK,20120611,18.56,18.75,16.69,18.10,27240100
CHK,20120618,18.03,19.50,17.54,18.61,27847100
CHK,20120625,17.59,18.65,16.32,18.60,27422300
CHK,20120702,18.58,20.14,18.46,20.04,21966800
CHK,20120709,19.92,20.19,18.30,19.11,21195400
CHK,20120716,19.09,19.39,16.86,17.20,25331100
CHK,20120723,16.86,18.53,16.62,18.46,19566000
CHK,20120730,18.44,19.04,17.63,17.89,15896600
CHK,20120806,17.66,20.44,17.15,19.68,28137800
CHK,20120813,19.34,19.59,18.74,19.14,13482000
CHK,20120820,19.10,20.19,19.04,19.39,11963800
CHK,20120827,19.35,19.76,19.03,19.35,10032300
CHK,20120904,19.36,20.41,19.05,20.34,16119500
CHK,20120910,19.93,20.59,19.38,20.52,21575200
CHK,20120917,20.48,20.64,19.19,19.36,16876200
CHK,20120924,19.24,19.55,18.41,18.87,11342900
CHK,20121001,19.08,19.70,18.88,19.23,11626200
CHK,20121008,19.09,20.33,18.90,20.18,10896800
CHK,20121015,20.06,21.66,19.84,20.81,13722100
CHK,20121022,20.77,21.35,19.85,20.10,10173200
CHK,20121031,20.31,20.63,18.32,18.49,19051400
CHK,20121105,18.34,18.56,16.85,17.04,14958600
CHK,20121112,17.16,17.72,16.29,16.62,17122700
CHK,20121119,16.81,17.83,16.81,17.83,9295100
CHK,20121126,17.47,17.77,16.94,17.03,14019500
CHK,20121203,17.22,17.29,16.63,17.25,13960200
CHK,20121210,17.13,17.40,16.52,16.56,11095100
CHK,20121217,16.59,17.58,16.59,17.32,10605900
CHK,20121224,17.18,17.32,16.54,16.56,8602700
CHK,20121231,16.50,17.46,16.23,17.45,14950000
CHK,20130107,17.39,17.69,16.37,16.87,21298300
CHK,20130114,16.83,17.82,16.80,17.82,12923100
CHK,20130122,17.85,19.44,17.84,19.36,17739800
CHK,20130128,19.20,21.20,18.70,20.33,28452800
CHK,20130204,20.23,20.58,20.04,20.23,12928800
CHK,20130211,20.17,20.58,19.83,20.01,12311400
CHK,20130219,20.01,20.88,19.95,20.50,17321300
CHK,20130225,20.18,20.42,19.09,19.67,18553000
CHK,20130304,19.61,21.37,19.23,21.33,13432600
CHK,20130311,21.20,22.97,21.01,22.46,14586100
CHK,20130318,21.97,22.67,20.26,20.39,15115900
CHK,20130325,20.54,20.80,20.20,20.41,11204900
CHK,20130401,20.40,20.64,18.91,19.75,11325800
CHK,20130408,19.75,20.55,19.44,19.68,9100800
CHK,20130415,19.40,19.42,18.21,18.59,11368300
CHK,20130422,18.59,19.64,18.34,19.25,7329000
CHK,20130429,19.27,19.98,18.85,19.25,11026200
CHK,20130506,19.23,20.25,18.92,20.15,10866800
CHK,20130513,20.15,20.96,19.78,20.27,13275400
CHK,20130520,20.45,21.78,20.27,21.67,18076400
CHK,20130528,21.90,22.86,21.83,21.84,18475600
CHK,20130603,21.98,22.28,21.19,22.00,12199800
CHK,20130610,22.08,22.13,20.50,20.68,13680000
CHK,20130617,20.89,21.44,19.80,20.22,10652800
CHK,20130624,19.83,20.90,19.32,20.38,12419800
CHK,20130701,20.46,21.24,20.30,21.04,7821400
CHK,20130708,21.16,21.70,20.89,21.24,7459500
CHK,20130715,21.33,22.59,21.19,22.58,7780100
CHK,20130722,22.55,22.86,22.09,22.85,7764600
CHK,20130729,22.73,25.30,22.61,24.95,18672000
CHK,20130805,24.93,25.64,24.39,25.00,12090900
CHK,20130812,24.89,25.30,24.53,25.00,10361000
CHK,20130819,25.58,26.26,24.65,26.23,10684400
CHK,20130826,26.32,26.63,25.74,25.81,9123800
CHK,20130903,26.07,26.41,25.93,26.03,7954800
CHK,20130909,26.10,27.29,26.04,26.67,12734200
CHK,20130916,26.86,27.46,26.47,26.58,9864600
CHK,20130923,26.52,26.68,26.07,26.21,6802800
CHK,20130930,25.92,26.67,25.63,26.50,5964400
CHK,20131007,26.16,26.73,25.65,26.47,8026800
CHK,20131014,26.25,28.61,26.15,28.25,12855300
CHK,20131021,28.30,28.71,27.21,28.47,10867100
CHK,20131028,28.26,28.65,27.55,28.00,7212800
CHK,20131104,28.00,29.06,25.19,25.71,17420200
CHK,20131111,25.76,26.18,25.35,25.88,9321200
CHK,20131118,25.94,26.61,25.06,26.30,9658300
CHK,20131125,26.33,27.02,25.78,26.87,7979800
CHK,20131202,26.99,27.34,26.29,26.48,9560400
CHK,20131209,26.54,27.10,26.27,27.00,6950900
CHK,20131216,27.01,27.39,26.22,27.11,9683000
CHK,20131223,27.28,27.73,27.20,27.49,4730000
CHK,20131230,27.55,27.82,26.12,26.42,7282300
CHK,20140106,26.51,26.54,25.41,25.71,8908200
CHK,20140113,25.61,26.05,25.04,25.45,9696700
CHK,20140121,25.90,27.30,25.85,26.88,10317000
CHK,20140127,26.84,27.55,25.75,26.91,8905000
CHK,20140203,26.85,27.09,23.92,24.59,18156300
CHK,20140210,24.51,25.32,24.07,25.14,10508300
CHK,20140218,25.28,26.93,25.18,26.57,10857400
CHK,20140224,26.78,27.46,24.75,25.91,15004600
CHK,20140303,25.71,26.23,25.33,25.85,9363800
CHK,20140310,25.80,25.83,24.91,25.03,8816800
CHK,20140317,25.26,25.45,24.24,24.67,7720300
CHK,20140324,24.74,25.98,24.64,25.67,9466400
CHK,20140331,25.72,26.96,25.13,26.59,8579300
CHK,20140407,26.57,26.84,25.76,26.16,9404200
CHK,20140414,26.37,28.37,26.24,28.17,8912200
CHK,20140421,28.05,29.48,28.03,28.80,8191500
CHK,20140428,29.03,29.43,28.13,28.28,7332200
CHK,20140505,28.06,29.90,28.05,29.81,12343900
CHK,20140512,29.88,30.48,27.30,27.64,13492200
CHK,20140519,27.96,28.63,27.55,27.68,9138600
CHK,20140527,27.79,28.90,27.70,28.72,8965700
CHK,20140602,28.76,29.91,28.66,29.72,8269200
CHK,20140609,29.99,30.80,29.15,30.47,7612900
CHK,20140616,30.59,31.21,30.26,30.89,7215900
CHK,20140623,30.90,31.49,30.20,30.40,9556100
CHK,20140630,30.43,31.10,28.93,29.50,7068000
CHK,20140707,29.36,29.40,27.61,28.18,9511000
CHK,20140714,28.26,28.57,26.78,27.00,6948000
CHK,20140721,26.99,27.58,26.54,27.01,7191800
CHK,20140728,27.06,27.27,25.90,26.07,8693400
CHK,20140804,26.19,26.90,25.49,26.59,10024600
CHK,20140811,26.82,26.82,25.41,25.55,6466600
CHK,20140818,25.72,26.51,25.38,26.02,6182000
CHK,20140825,26.25,27.24,26.16,27.20,5570000
CHK,20140902,27.10,27.15,25.86,26.17,5991500
CHK,20140908,26.07,26.17,24.78,24.91,7614300
CHK,20140915,24.91,25.64,24.62,24.67,5543700
CHK,20140922,24.67,24.70,23.06,23.50,7350800
CHK,20140929,23.16,23.73,21.43,21.75,10639100
CHK,20141006,21.69,21.88,18.42,18.97,18425000
CHK,20141013,18.90,21.21,16.69,20.16,23793600
CHK,20141020,20.16,22.58,20.05,21.60,15369800
CHK,20141027,21.02,22.22,20.35,22.18,8711500
CHK,20141103,22.44,24.11,20.95,23.41,14266800
CHK,20141110,23.81,24.22,22.39,23.21,11870500
CHK,20141117,23.46,24.43,22.73,24.16,11435600
CHK,20141124,23.92,24.30,20.24,20.26,10736400
CHK,20141201,19.99,20.30,19.14,19.29,13175000
CHK,20141208,18.98,18.98,16.41,17.24,17052600
CHK,20141215,17.45,19.92,16.90,19.86,20741200
CHK,20141222,19.00,20.35,18.30,19.71,14387700
CHK,20141229,20.00,20.16,19.04,19.76,10809100
CHK,20150105,19.33,19.34,17.56,18.37,12369500
CHK,20150112,18.23,19.14,17.42,19.03,17253200
CHK,20150120,18.44,20.16,18.14,19.66,14529500
CHK,20150126,19.62,20.38,18.63,19.18,11653600
CHK,20150202,19.56,21.49,19.45,20.79,15054200
CHK,20150209,20.96,21.24,19.61,21.08,9968200
CHK,20150217,20.93,21.29,20.07,20.30,12388000
CHK,20150223,19.95,20.05,16.63,16.68,30233500
CHK,20150302,16.68,16.74,15.07,15.17,31616400
