AMAT,20100310,12.29,12.55,12.26,12.36,30260900
AMAT,20100315,12.33,12.77,12.12,12.49,24935700
AMAT,20100322,12.44,13.45,12.39,13.21,33680600
AMAT,20100329,13.28,13.75,13.22,13.35,36279400
AMAT,20100405,13.42,13.71,13.30,13.47,22254500
AMAT,20100412,13.50,14.50,13.42,14.36,30947500
AMAT,20100419,14.26,14.50,13.97,14.47,24043600
AMAT,20100426,14.45,14.57,13.76,13.78,23634200
AMAT,20100503,13.85,14.10,11.99,12.50,32652300
AMAT,20100510,12.99,13.81,12.75,12.95,29667200
AMAT,20100517,12.96,13.45,12.30,12.72,33545600
AMAT,20100524,12.53,13.11,12.05,12.92,21885800
AMAT,20100601,12.83,13.08,12.50,12.57,20238700
AMAT,20100607,12.62,12.78,11.98,12.69,18960700
AMAT,20100614,12.80,13.50,12.66,13.34,18403300
AMAT,20100621,13.52,13.54,12.50,12.95,23164600
AMAT,20100628,12.88,12.99,11.73,12.00,23964400
AMAT,20100706,12.12,12.31,11.61,12.30,25406900
AMAT,20100712,12.20,12.78,12.18,12.19,19628700
AMAT,20100719,12.25,12.71,11.89,12.51,20410800
AMAT,20100726,12.49,12.67,11.66,11.80,23136100
AMAT,20100802,12.00,12.15,11.65,11.84,18383400
AMAT,20100809,11.96,11.97,10.94,11.17,19811800
AMAT,20100816,11.11,11.62,11.03,11.09,19267300
AMAT,20100823,11.11,11.22,10.30,10.69,28822400
AMAT,20100830,10.67,11.10,10.27,10.98,22715600
AMAT,20100907,10.91,10.96,10.47,10.68,27271600
AMAT,20100913,10.74,11.19,10.71,11.02,22698300
AMAT,20100920,11.05,11.68,10.90,11.63,22282400
AMAT,20100927,11.58,11.85,11.43,11.71,19412200
AMAT,20101004,11.66,11.90,11.36,11.82,20009700
AMAT,20101011,11.82,12.07,11.70,12.02,17104700
AMAT,20101018,11.98,12.16,11.60,12.13,18035100
AMAT,20101025,12.22,12.38,11.96,12.35,11909500
AMAT,20101101,12.36,13.06,12.17,12.98,14347900
AMAT,20101108,12.94,13.08,12.48,12.59,15269200
AMAT,20101115,12.72,12.85,12.34,12.53,16661200
AMAT,20101122,12.35,12.71,12.30,12.53,10427200
AMAT,20101129,12.44,13.10,12.30,13.06,13372500
AMAT,20101206,13.03,13.39,12.90,13.36,10504800
AMAT,20101213,13.39,13.72,13.15,13.61,11451300
AMAT,20101220,13.60,14.10,13.57,14.00,10860900
AMAT,20101227,13.92,14.20,13.91,14.05,6139600
AMAT,20110103,14.13,14.29,13.72,13.96,16328800
AMAT,20110110,13.89,15.32,13.68,15.32,17385100
AMAT,20110118,15.26,15.35,14.71,15.01,23767500
AMAT,20110124,15.09,16.25,15.00,15.77,18898100
AMAT,20110131,15.87,16.52,15.62,16.49,20816300
AMAT,20110207,16.52,16.67,15.66,16.01,16944300
AMAT,20110214,16.01,16.57,15.98,16.47,13839700
AMAT,20110222,16.26,16.27,15.45,16.12,22137300
AMAT,20110228,16.13,16.93,16.12,16.73,22258100
AMAT,20110307,16.77,16.77,14.77,15.00,24909400
AMAT,20110314,14.93,15.10,14.25,14.84,19401400
AMAT,20110321,15.10,15.59,14.81,15.43,13948300
AMAT,20110328,15.44,15.89,15.37,15.53,12852700
AMAT,20110404,15.53,15.85,15.24,15.31,15391400
AMAT,20110411,15.33,15.40,14.62,14.72,16862900
AMAT,20110418,14.56,15.44,14.41,15.25,16344000
AMAT,20110425,15.27,15.97,15.13,15.69,19106100
AMAT,20110502,15.34,15.90,14.82,15.23,23545300
AMAT,20110509,15.20,15.23,14.78,14.80,16014000
AMAT,20110516,14.80,14.80,14.05,14.09,18850000
AMAT,20110523,13.92,13.93,13.36,13.43,21445500
AMAT,20110531,13.51,13.78,12.93,12.96,24539800
AMAT,20110606,12.92,13.24,12.43,12.58,16024300
AMAT,20110613,12.67,12.83,12.26,12.41,15278500
AMAT,20110620,12.40,12.79,12.33,12.40,17807000
AMAT,20110627,12.40,13.31,12.32,13.29,14807400
AMAT,20110705,13.29,13.52,12.83,13.10,14330000
AMAT,20110711,13.02,13.45,12.18,12.45,22468500
AMAT,20110718,12.36,13.21,12.23,13.15,15662100
AMAT,20110725,13.00,13.27,12.24,12.32,15989800
AMAT,20110801,12.50,12.60,11.10,11.44,23217700
AMAT,20110808,11.13,11.95,10.85,11.60,30066400
AMAT,20110815,11.63,11.95,10.80,10.82,13788100
AMAT,20110822,11.01,11.44,10.62,11.06,16574000
AMAT,20110829,11.11,11.63,10.80,10.84,12899300
AMAT,20110906,10.58,11.24,10.50,10.73,17812600
AMAT,20110912,10.64,11.79,10.62,11.57,20400300
AMAT,20110919,11.20,11.47,10.19,10.59,17435000
AMAT,20110926,10.65,11.11,10.20,10.36,22551600
AMAT,20111003,10.27,10.95,9.70,10.71,19829400
AMAT,20111010,10.91,11.68,10.84,11.60,14726700
AMAT,20111017,11.53,11.84,11.01,11.69,14786800
AMAT,20111024,11.77,12.62,11.61,12.62,13256800
AMAT,20111031,12.50,12.62,11.88,12.42,13027300
AMAT,20111107,12.36,12.80,12.07,12.73,12651200
AMAT,20111114,12.68,12.80,11.13,11.23,16724000
AMAT,20111121,11.03,11.10,10.16,10.16,15725000
AMAT,20111128,10.48,11.08,10.21,10.83,17818700
AMAT,20111205,11.01,11.34,10.80,11.20,13722200
AMAT,20111212,11.02,11.04,10.18,10.33,19672800
AMAT,20111219,10.33,10.82,10.12,10.82,19262100
AMAT,20111227,10.76,10.95,10.59,10.71,8264900
AMAT,20120103,10.93,11.03,10.61,11.01,12919500
AMAT,20120109,11.08,11.88,11.02,11.50,17835400
AMAT,20120117,11.80,12.55,11.73,12.47,19846700
AMAT,20120123,12.43,12.64,12.12,12.23,14323200
AMAT,20120130,12.09,12.89,11.98,12.79,13579000
AMAT,20120206,12.74,13.13,12.45,12.95,12577300
AMAT,20120213,13.04,13.94,12.69,12.99,16841900
AMAT,20120221,13.01,13.02,12.52,12.63,18064300
AMAT,20120227,12.55,12.73,12.13,12.22,18160900
AMAT,20120305,12.15,12.41,11.92,12.37,15839800
AMAT,20120312,12.36,12.93,12.23,12.82,13522200
AMAT,20120319,12.80,12.94,12.46,12.69,11533700
AMAT,20120326,12.80,13.00,12.27,12.45,14528700
AMAT,20120402,12.45,12.55,12.00,12.03,13858500
AMAT,20120409,11.86,12.15,11.69,11.80,10976400
AMAT,20120416,11.84,12.13,11.71,11.77,10243400
AMAT,20120423,11.61,12.05,11.46,12.03,10992900
AMAT,20120430,11.99,12.10,11.23,11.28,10937300
AMAT,20120507,11.18,11.25,10.90,10.98,14013900
AMAT,20120514,10.91,11.04,10.35,10.36,12951700
AMAT,20120521,10.36,10.72,10.26,10.54,15866200
AMAT,20120529,10.64,10.77,9.97,10.01,20674800
AMAT,20120604,10.08,10.80,9.99,10.76,15334200
AMAT,20120611,10.90,11.02,10.58,10.99,13929800
AMAT,20120618,10.94,11.70,10.91,11.24,17681900
AMAT,20120625,11.12,11.47,10.90,11.45,11135700
AMAT,20120702,11.44,11.49,10.96,11.04,9526000
AMAT,20120709,11.05,11.11,10.29,10.48,13685900
AMAT,20120716,10.48,10.84,10.25,10.51,10892400
AMAT,20120723,10.32,10.94,10.22,10.90,11765400
AMAT,20120730,10.96,11.25,10.72,11.22,10593600
AMAT,20120806,11.29,12.00,11.25,11.95,12163000
AMAT,20120813,11.91,12.05,11.30,12.00,12950600
AMAT,20120820,11.96,12.02,11.66,11.77,11712400
AMAT,20120827,11.79,11.80,11.45,11.69,11076800
AMAT,20120904,11.65,11.95,11.56,11.86,16408500
AMAT,20120910,11.86,12.07,11.51,12.05,15282500
AMAT,20120917,12.02,12.03,11.31,11.45,13979900
AMAT,20120924,11.43,11.44,10.98,11.17,10774900
AMAT,20121001,11.18,11.32,11.02,11.13,11723900
AMAT,20121008,11.08,11.08,10.85,10.90,10545000
AMAT,20121015,10.91,11.29,10.78,10.84,14167200
AMAT,20121022,10.81,10.94,10.60,10.65,13526600
AMAT,20121031,10.65,11.05,10.54,10.81,15816600
AMAT,20121105,10.71,11.51,10.50,10.67,16286700
AMAT,20121112,10.69,10.76,9.95,10.15,14487100
AMAT,20121119,10.16,10.55,10.12,10.40,10469200
AMAT,20121126,10.35,10.80,10.24,10.73,10696000
AMAT,20121203,10.78,10.98,10.63,10.97,9744700
AMAT,20121210,10.92,11.25,10.91,11.08,10829800
AMAT,20121217,11.09,11.50,10.99,11.50,14419600
AMAT,20121224,11.39,11.49,11.19,11.26,8643000
AMAT,20121231,11.25,11.90,11.20,11.81,9601600
AMAT,20130107,11.47,11.85,11.39,11.71,10413800
AMAT,20130114,11.67,12.89,11.59,12.65,21878900
AMAT,20130122,12.59,12.98,12.54,12.83,13857100
AMAT,20130128,12.87,13.19,12.73,13.17,11627500
AMAT,20130204,13.02,13.68,12.99,13.61,16551900
AMAT,20130211,13.56,13.99,13.47,13.74,13532200
AMAT,20130219,13.71,13.95,13.09,13.57,12961300
AMAT,20130225,13.67,13.86,13.22,13.59,16032000
AMAT,20130304,13.56,13.87,13.40,13.54,11137900
AMAT,20130311,13.48,13.76,13.26,13.31,10389400
AMAT,20130318,13.13,13.28,12.80,13.26,12919400
AMAT,20130325,13.37,13.54,13.09,13.48,10961300
AMAT,20130401,13.48,13.49,12.91,13.20,10347700
AMAT,20130408,13.17,13.97,12.96,13.63,12417600
AMAT,20130415,13.49,13.65,12.65,12.93,14046400
AMAT,20130422,12.94,14.22,12.85,14.14,13904500
AMAT,20130429,14.15,15.18,14.07,14.83,14033600
AMAT,20130506,14.84,15.00,14.56,14.97,9174500
AMAT,20130513,14.92,15.00,14.32,14.96,17081500
AMAT,20130520,14.90,15.03,14.34,14.50,11848600
AMAT,20130528,14.66,15.43,14.62,15.20,16793300
AMAT,20130603,15.21,15.64,14.88,15.49,17314000
AMAT,20130610,15.50,15.81,15.16,15.41,12809500
AMAT,20130617,15.56,16.09,14.79,15.08,17519300
AMAT,20130624,14.96,15.42,14.62,14.92,15962800
AMAT,20130701,15.06,15.31,14.67,15.22,8180600
AMAT,20130708,15.36,16.66,15.04,16.66,18224100
AMAT,20130715,16.61,16.78,16.39,16.56,8884100
AMAT,20130722,16.71,16.71,15.92,16.13,7920900
AMAT,20130729,16.05,16.64,16.00,16.32,9453800
AMAT,20130805,16.18,16.34,15.47,15.67,11855600
AMAT,20130812,15.62,16.06,15.04,15.62,14229300
AMAT,20130819,15.50,15.75,15.34,15.62,10705300
AMAT,20130826,15.60,15.68,14.85,15.01,10501700
AMAT,20130903,15.20,15.70,14.99,15.51,10948900
AMAT,20130909,15.53,16.03,15.46,15.91,9369100
AMAT,20130916,16.08,16.43,15.82,15.93,10369200
AMAT,20130923,15.87,17.94,15.83,17.60,33112600
AMAT,20130930,17.40,17.71,17.24,17.57,13814100
AMAT,20131007,17.34,18.09,17.15,18.00,13457100
AMAT,20131014,17.88,18.18,17.72,18.05,10994200
AMAT,20131021,18.10,18.10,17.32,17.70,10990100
AMAT,20131028,17.67,18.14,17.59,17.70,9240200
AMAT,20131104,17.78,17.94,17.27,17.75,10142100
AMAT,20131111,17.75,17.99,17.11,17.52,10993600
AMAT,20131118,17.38,17.52,16.75,17.25,11191000
AMAT,20131125,17.30,17.63,17.16,17.30,7886200
AMAT,20131202,17.27,17.27,16.41,16.83,13955900
AMAT,20131209,16.81,17.02,16.60,16.70,11897900
AMAT,20131216,16.80,17.26,16.62,17.19,11895200
AMAT,20131223,17.25,17.54,17.25,17.43,5552700
AMAT,20131230,17.43,17.70,17.37,17.51,5923600
AMAT,20140106,17.50,17.51,17.18,17.47,8588500
AMAT,20140113,17.39,18.08,17.25,17.55,9917100
AMAT,20140121,17.62,17.72,17.07,17.17,9856400
AMAT,20140127,17.13,17.21,16.40,16.82,12945300
AMAT,20140203,16.60,17.23,16.55,17.18,16059500
AMAT,20140210,17.20,19.09,17.11,18.96,20532500
AMAT,20140218,18.88,19.24,18.65,19.10,14417500
AMAT,20140224,19.25,19.41,18.75,18.96,13451300
AMAT,20140303,18.70,19.67,18.55,19.64,13647300
AMAT,20140310,19.71,19.71,18.71,18.72,13291200
AMAT,20140317,18.88,20.81,18.85,20.17,17473300
AMAT,20140324,20.45,20.63,19.64,20.18,13879600
AMAT,20140331,20.24,21.16,20.16,20.25,15094300
AMAT,20140407,20.22,20.25,18.85,19.12,12833500
AMAT,20140414,19.23,19.38,18.30,18.99,15548400
AMAT,20140421,19.08,19.59,18.37,18.62,12620300
AMAT,20140428,18.75,19.29,18.27,18.96,14264300
AMAT,20140505,18.79,19.63,18.66,19.31,13325800
AMAT,20140512,19.43,20.29,18.48,20.21,20527700
AMAT,20140519,20.05,20.41,19.66,20.04,10750500
AMAT,20140527,20.18,20.64,19.95,20.19,15013800
AMAT,20140602,19.99,21.92,19.97,21.82,19168400
AMAT,20140609,21.83,22.42,21.59,22.37,10526400
AMAT,20140616,22.35,22.75,22.13,22.75,12876900
AMAT,20140623,22.76,23.22,22.16,22.40,14768100
AMAT,20140630,22.39,22.95,22.30,22.81,8036500
AMAT,20140707,23.30,23.46,22.72,22.85,14338600
AMAT,20140714,23.02,23.23,22.66,23.00,12276500
AMAT,20140721,22.86,23.19,20.94,21.23,18843900
AMAT,20140728,21.27,21.68,20.81,21.09,12158100
AMAT,20140804,21.20,21.44,20.48,20.83,10603700
AMAT,20140811,20.90,22.59,20.69,22.48,12833600
AMAT,20140818,22.58,22.58,21.86,22.17,10970200
AMAT,20140825,22.21,23.16,21.99,23.11,10706800
AMAT,20140902,22.89,23.06,22.42,22.76,11909300
AMAT,20140908,22.76,22.93,22.25,22.30,10929500
AMAT,20140915,22.34,22.73,21.85,22.55,10080400
AMAT,20140922,22.38,22.39,21.47,21.74,9442400
AMAT,20140929,21.50,21.83,20.39,20.74,13796700
AMAT,20141006,20.81,21.26,19.50,19.83,18637800
AMAT,20141013,19.78,20.34,18.63,19.88,24276500
AMAT,20141020,19.73,21.53,19.65,20.99,16447900
AMAT,20141027,20.88,22.35,20.80,22.09,12762000
AMAT,20141103,22.19,22.75,21.91,22.43,10815400
AMAT,20141110,22.43,22.98,22.07,22.82,11485100
AMAT,20141117,22.69,22.97,22.27,22.86,10062800
AMAT,20141124,22.84,24.15,22.72,24.05,11698700
AMAT,20141201,24.04,25.09,23.63,25.04,13543000
AMAT,20141208,25.12,25.25,23.50,23.66,12920600
AMAT,20141215,23.82,25.15,23.12,24.89,18258300
AMAT,20141222,24.92,25.71,24.92,25.19,8590000
AMAT,20141229,25.02,25.40,24.60,24.96,6591300
AMAT,20150105,24.75,24.90,23.09,24.24,14448400
AMAT,20150112,24.27,24.28,22.85,23.47,18442800
AMAT,20150120,23.58,24.63,23.31,24.11,13138700
AMAT,20150126,24.11,24.30,22.79,22.84,10729700
AMAT,20150202,22.92,24.67,22.29,24.24,14131700
AMAT,20150209,24.00,24.53,23.48,24.12,14111500
AMAT,20150217,23.99,25.57,23.89,25.13,19291600
AMAT,20150223,25.05,25.39,24.45,25.05,14791300
AMAT,20150302,24.94,25.64,23.65,23.91,14971000
