QCOM,20100310,38.57,39.39,38.50,38.95,17429100
QCOM,20100315,39.00,40.61,38.59,40.05,29453600
QCOM,20100322,40.08,43.84,39.87,41.83,28055800
QCOM,20100329,41.97,42.50,41.60,42.27,15891300
QCOM,20100405,42.60,43.01,41.85,42.17,13999500
QCOM,20100412,42.03,43.18,41.80,42.74,15868700
QCOM,20100419,42.63,43.39,37.80,38.25,45041800
QCOM,20100426,38.27,39.29,37.78,38.68,24975700
QCOM,20100503,38.91,39.05,35.23,36.50,25520600
QCOM,20100510,37.41,38.68,36.90,37.30,19195500
QCOM,20100517,37.46,37.70,34.83,35.89,24018600
QCOM,20100524,35.60,36.15,34.52,35.56,22536400
QCOM,20100601,35.45,36.81,34.70,35.30,21028900
QCOM,20100607,35.35,35.77,34.33,35.36,22126200
QCOM,20100614,35.70,36.07,34.72,35.69,18539600
QCOM,20100621,35.85,36.36,34.28,34.57,17501400
QCOM,20100628,34.63,34.88,31.63,32.37,21793900
QCOM,20100706,32.66,34.14,32.44,33.91,16796600
QCOM,20100712,34.74,37.22,34.51,35.96,24002200
QCOM,20100719,36.26,39.66,35.74,39.08,29495800
QCOM,20100726,38.72,39.50,37.76,38.08,16368400
QCOM,20100802,38.33,39.00,37.95,38.65,11920800
QCOM,20100809,38.87,40.00,37.80,37.95,18657000
QCOM,20100816,37.88,39.79,37.45,38.91,18155200
QCOM,20100823,39.19,39.45,37.65,38.64,15640800
QCOM,20100830,38.39,40.47,37.81,40.38,16887400
QCOM,20100907,40.11,41.22,39.92,40.42,14970600
QCOM,20100913,40.94,42.75,40.58,42.53,19399100
QCOM,20100920,42.58,44.97,42.57,44.55,18197900
QCOM,20100927,44.32,45.75,43.70,44.26,21943600
QCOM,20101004,44.43,44.96,43.35,44.76,15682500
QCOM,20101011,44.67,45.51,43.77,44.79,13524000
QCOM,20101018,44.78,44.90,42.45,44.18,15417600
QCOM,20101025,44.35,45.63,43.21,45.16,13221000
QCOM,20101101,45.52,49.45,44.62,48.33,25948800
QCOM,20101108,48.02,48.33,46.69,47.47,16480900
QCOM,20101115,47.61,48.86,46.08,47.96,18477600
QCOM,20101122,47.81,48.20,46.73,47.70,11815500
QCOM,20101129,47.47,48.94,46.46,48.82,13846100
QCOM,20101206,48.55,49.50,48.09,49.48,10770600
QCOM,20101213,49.52,49.76,48.82,49.46,13222900
QCOM,20101220,49.72,50.00,49.15,49.44,9056900
QCOM,20101227,49.40,50.31,48.98,49.49,6435100
QCOM,20110103,49.89,53.03,49.59,51.73,19232300
QCOM,20110110,51.44,52.45,51.43,52.04,12493900
QCOM,20110118,52.37,53.10,51.09,51.24,14737100
QCOM,20110124,51.12,55.00,50.62,53.74,24937700
QCOM,20110131,53.85,55.38,53.07,55.23,16112400
QCOM,20110207,55.11,57.65,54.83,57.60,13321500
QCOM,20110214,57.74,59.43,57.61,59.19,14774700
QCOM,20110222,58.56,59.20,56.52,59.02,15696100
QCOM,20110228,58.99,59.84,56.97,58.15,14392700
QCOM,20110307,58.49,58.59,53.39,53.61,20222400
QCOM,20110314,52.97,53.60,50.10,51.71,28631200
QCOM,20110321,53.24,54.11,51.70,52.75,14285300
QCOM,20110328,52.95,55.19,52.10,54.47,12351400
QCOM,20110404,54.54,54.71,52.40,53.63,13586300
QCOM,20110411,53.87,54.47,51.45,53.14,12403600
QCOM,20110418,52.20,57.62,52.04,56.94,17445000
QCOM,20110425,56.37,58.46,56.21,57.09,16464300
QCOM,20110502,57.44,57.90,55.42,56.57,11642100
QCOM,20110509,56.75,57.83,55.99,57.12,10064900
QCOM,20110516,57.18,57.76,55.66,57.38,13392000
QCOM,20110523,56.49,57.80,55.92,57.35,10850900
QCOM,20110531,57.95,58.95,56.95,57.04,13811300
QCOM,20110606,56.90,57.49,54.36,54.60,11242000
QCOM,20110613,54.79,55.87,52.42,52.69,16834600
QCOM,20110620,52.53,54.99,52.13,54.19,12186400
QCOM,20110627,54.08,57.98,53.64,57.88,11175600
QCOM,20110705,57.75,59.48,57.51,59.36,11763900
QCOM,20110711,58.73,58.93,54.29,54.96,18212400
QCOM,20110718,54.87,59.40,54.53,57.46,19290300
QCOM,20110725,56.92,57.51,54.06,54.78,12812200
QCOM,20110801,55.34,55.44,48.97,51.02,19299000
QCOM,20110808,49.26,51.24,46.70,50.50,28439500
QCOM,20110815,50.75,51.46,46.44,46.52,18661300
QCOM,20110822,47.70,49.61,45.98,48.94,16183400
QCOM,20110829,49.65,52.87,49.25,49.68,14930800
QCOM,20110906,48.40,53.28,47.60,50.40,17906000
QCOM,20110912,49.61,53.94,49.61,53.87,17153900
QCOM,20110919,53.06,54.30,48.96,50.29,16923100
QCOM,20110926,50.39,52.78,48.63,48.63,16980400
QCOM,20111003,48.21,51.00,46.40,50.23,20481900
QCOM,20111010,51.01,55.03,50.59,54.98,12332700
QCOM,20111017,54.70,54.95,51.48,52.02,14851700
QCOM,20111024,52.40,54.00,50.79,53.23,14563400
QCOM,20111031,52.68,56.96,49.78,56.50,27480400
QCOM,20111107,55.80,57.29,54.65,56.62,13640800
QCOM,20111114,56.57,57.97,55.41,55.67,15841000
QCOM,20111121,54.39,55.02,51.60,51.86,15306700
QCOM,20111128,53.42,55.70,52.85,54.34,13377400
QCOM,20111205,55.17,55.40,53.55,55.18,13229600
QCOM,20111212,54.41,55.73,52.19,52.61,13653300
QCOM,20111219,53.00,54.74,51.76,54.63,10086100
QCOM,20111227,54.30,54.99,54.01,54.70,6068600
QCOM,20120103,55.88,56.40,54.56,56.16,12096500
QCOM,20120109,56.14,56.73,55.43,56.54,10676400
QCOM,20120117,56.93,58.24,56.72,57.73,13890600
QCOM,20120123,57.94,59.50,57.54,57.79,15374100
QCOM,20120130,57.24,61.95,57.03,61.06,21322700
QCOM,20120206,60.82,61.99,60.54,61.73,11836500
QCOM,20120213,61.99,62.71,61.10,62.52,11225800
QCOM,20120221,62.66,63.81,62.32,63.44,9239500
QCOM,20120227,62.90,63.61,62.00,62.43,10399200
QCOM,20120305,62.23,64.28,60.93,63.93,11715700
QCOM,20120312,63.95,65.62,63.46,65.41,12489700
QCOM,20120319,65.84,67.00,65.54,66.68,11379100
QCOM,20120326,67.34,68.87,67.30,68.06,10752700
QCOM,20120402,68.25,68.83,66.84,67.19,11934200
QCOM,20120409,66.12,68.57,65.58,66.67,14112100
QCOM,20120416,67.34,67.88,62.22,62.25,23365200
QCOM,20120423,61.82,64.49,61.26,64.18,13113500
QCOM,20120430,63.98,64.72,61.38,61.91,10363600
QCOM,20120507,61.28,63.06,60.86,61.86,10550800
QCOM,20120514,61.17,62.50,55.72,55.98,16668200
QCOM,20120521,55.85,58.68,55.85,57.32,14621500
QCOM,20120529,57.90,58.75,54.85,55.12,13234700
QCOM,20120604,55.12,59.50,54.92,58.76,10999900
QCOM,20120611,58.97,59.69,55.62,56.50,18636100
QCOM,20120618,56.12,57.68,55.04,55.64,12926700
QCOM,20120625,55.13,55.95,53.41,55.68,14360700
QCOM,20120702,55.65,56.68,54.83,55.31,9083000
QCOM,20120709,55.39,56.00,53.11,54.98,10870300
QCOM,20120716,55.26,58.89,53.09,57.68,17604000
QCOM,20120723,56.53,59.53,56.07,59.34,10938600
QCOM,20120730,59.23,60.35,58.16,60.24,9639700
QCOM,20120806,60.41,62.05,60.01,61.98,7283300
QCOM,20120813,61.63,63.34,61.44,63.29,10280300
QCOM,20120820,63.10,63.29,61.59,62.43,7832100
QCOM,20120827,62.54,62.61,60.78,61.46,7397200
QCOM,20120904,61.20,62.96,60.28,61.93,10009000
QCOM,20120910,61.99,65.28,61.14,64.88,12014900
QCOM,20120917,65.04,65.45,63.19,64.27,12237900
QCOM,20120924,63.50,64.36,62.07,62.47,10685200
QCOM,20121001,62.73,63.75,61.52,62.64,8672200
QCOM,20121008,62.05,62.32,58.10,58.89,11510500
QCOM,20121015,59.23,61.26,58.24,58.75,13160700
QCOM,20121022,58.50,59.21,57.29,59.04,10873700
QCOM,20121031,59.15,60.10,58.32,59.30,9418800
QCOM,20121105,60.14,62.80,58.11,61.62,18411400
QCOM,20121112,61.84,62.76,60.75,61.93,13388200
QCOM,20121119,62.50,63.16,61.38,63.13,8641300
QCOM,20121126,62.75,63.81,61.67,63.62,11039400
QCOM,20121203,63.91,64.40,62.97,63.86,9720700
QCOM,20121210,63.80,64.72,59.44,59.83,15750400
QCOM,20121217,60.21,63.54,59.90,61.61,15676500
QCOM,20121224,61.50,62.26,60.55,60.64,7253000
QCOM,20121231,60.52,65.19,60.22,63.50,15208300
QCOM,20130107,63.35,65.53,63.16,64.90,11082800
QCOM,20130114,64.29,65.32,63.52,64.68,9888500
QCOM,20130122,64.73,65.30,63.37,63.66,11582400
QCOM,20130128,63.47,67.44,62.33,66.73,17201600
QCOM,20130204,66.25,67.45,65.36,66.95,11356300
QCOM,20130211,67.00,67.31,65.03,65.43,11437800
QCOM,20130219,65.75,66.06,64.32,64.94,9674100
QCOM,20130225,65.39,67.45,64.80,66.30,10573100
QCOM,20130304,66.05,68.50,65.86,66.65,11807400
QCOM,20130311,66.73,67.50,64.74,64.97,12148200
QCOM,20130318,64.41,66.12,63.40,65.92,10854000
QCOM,20130325,66.19,67.00,65.28,66.94,8351800
QCOM,20130401,66.70,66.84,64.55,65.16,9349600
QCOM,20130408,65.14,67.65,65.09,66.68,10141300
QCOM,20130415,66.23,66.67,63.03,63.93,12253200
QCOM,20130422,64.09,66.56,61.47,61.52,24890900
QCOM,20130429,61.80,63.85,61.25,63.77,16882400
QCOM,20130506,63.82,64.64,63.53,64.64,10077500
QCOM,20130513,64.34,66.67,64.18,66.61,10515700
QCOM,20130520,66.30,66.60,63.51,64.26,12904300
QCOM,20130528,64.64,64.88,63.48,63.48,11828900
QCOM,20130603,63.37,64.04,61.42,62.10,15674100
QCOM,20130610,62.11,62.20,60.75,61.38,11792000
QCOM,20130617,61.61,62.80,60.22,60.67,15172600
QCOM,20130624,60.00,62.92,59.46,61.09,17751400
QCOM,20130701,61.49,61.61,60.27,60.95,7729400
QCOM,20130708,60.75,62.02,59.02,62.02,17200700
QCOM,20130715,61.39,62.66,60.82,61.46,15832900
QCOM,20130722,61.68,64.80,61.19,64.61,16944200
QCOM,20130729,64.47,66.76,64.17,66.75,12833400
QCOM,20130805,65.41,66.64,65.00,66.27,10291900
QCOM,20130812,65.89,67.45,65.80,66.90,10904800
QCOM,20130819,66.88,67.40,66.19,67.15,8333800
QCOM,20130826,67.03,67.24,65.74,66.28,8590200
QCOM,20130903,66.92,68.45,66.52,68.02,9537100
QCOM,20130909,68.00,70.37,67.49,68.58,15667700
QCOM,20130916,69.02,70.04,67.97,69.06,13562100
QCOM,20130923,70.00,70.23,67.08,67.38,8895900
QCOM,20130930,66.94,68.19,66.55,68.02,7110300
QCOM,20131007,66.39,67.65,65.47,67.55,9180600
QCOM,20131014,67.11,69.10,66.92,68.40,7449400
QCOM,20131021,68.51,69.25,66.82,68.27,8928400
QCOM,20131028,68.39,70.00,67.96,69.90,9022300
QCOM,20131104,70.14,70.19,66.25,67.45,15972300
QCOM,20131111,67.30,72.18,67.18,72.17,12652800
QCOM,20131118,72.28,73.09,70.40,72.96,12551900
QCOM,20131125,71.09,73.89,70.96,73.58,11737800
QCOM,20131202,73.53,73.97,72.85,73.76,7583200
QCOM,20131209,73.88,74.19,72.49,72.58,9170700
QCOM,20131216,73.22,73.30,71.68,72.91,11496200
QCOM,20131223,73.52,74.02,72.52,73.80,5354200
QCOM,20131230,73.66,74.32,72.44,72.89,7298900
QCOM,20140106,73.08,74.50,72.55,73.87,8104200
QCOM,20140113,73.78,74.98,72.37,74.73,10207400
QCOM,20140121,75.00,75.90,74.06,74.08,9011000
QCOM,20140127,74.01,74.49,70.98,74.22,16111400
QCOM,20140203,73.67,74.47,72.03,74.41,11037100
QCOM,20140210,74.20,76.75,73.89,76.28,9080900
QCOM,20140218,76.25,76.55,75.11,75.61,8324200
QCOM,20140224,75.97,75.99,74.50,75.29,8125900
QCOM,20140303,74.62,77.20,73.04,76.79,9342700
QCOM,20140310,76.79,77.20,74.50,74.74,8467600
QCOM,20140317,75.72,79.03,75.53,78.19,13465800
QCOM,20140324,78.44,79.72,77.31,79.28,10514500
QCOM,20140331,79.49,81.36,78.46,78.53,9148700
QCOM,20140407,78.00,80.30,77.48,78.01,9448200
QCOM,20140414,78.70,81.34,78.03,81.32,8702100
QCOM,20140421,81.19,81.66,76.77,77.61,12188800
QCOM,20140428,78.00,79.49,77.37,78.99,8632200
QCOM,20140505,78.76,80.09,78.43,79.50,7578000
QCOM,20140512,79.72,80.99,78.76,79.42,7902900
QCOM,20140519,79.22,80.35,79.12,79.88,6483400
QCOM,20140527,79.93,80.74,79.88,80.45,8194900
QCOM,20140602,80.66,80.79,79.15,80.38,7403100
QCOM,20140609,80.28,80.47,78.44,79.11,7226800
QCOM,20140616,78.83,79.99,78.40,79.86,8652700
QCOM,20140623,79.63,79.99,77.91,78.99,8557500
QCOM,20140630,79.15,81.28,78.65,80.99,5902500
QCOM,20140707,80.67,81.11,79.15,79.60,6489300
QCOM,20140714,79.44,79.94,77.88,79.39,8160700
QCOM,20140721,79.41,81.97,75.66,76.10,16007400
QCOM,20140728,76.10,76.25,71.82,72.55,12689900
QCOM,20140804,72.87,73.96,72.16,73.88,9857600
QCOM,20140811,74.20,75.13,73.90,74.41,7987700
QCOM,20140818,74.83,77.31,74.55,76.82,7787100
QCOM,20140825,77.17,77.30,75.76,76.10,6215800
QCOM,20140902,75.92,76.08,74.62,75.81,9124100
QCOM,20140908,75.49,76.25,75.20,75.33,6855700
QCOM,20140915,75.50,77.00,74.90,75.53,8807900
QCOM,20140922,75.49,76.57,74.17,75.06,7920400
QCOM,20140929,74.63,75.20,73.16,74.86,8018300
QCOM,20141006,75.00,75.44,71.20,71.22,10316500
QCOM,20141013,71.18,72.88,69.36,72.43,11315700
QCOM,20141020,72.05,76.01,72.00,76.00,7668400
QCOM,20141027,75.86,78.53,75.27,78.51,6384800
QCOM,20141103,78.31,78.53,67.67,69.26,26751400
QCOM,20141110,68.91,71.21,68.49,70.85,10248500
QCOM,20141117,70.62,72.06,69.60,71.47,11325300
QCOM,20141124,71.70,73.00,71.18,72.90,8678900
QCOM,20141201,72.46,74.84,71.29,73.37,11137300
QCOM,20141208,73.22,73.51,70.58,70.58,8329600
QCOM,20141215,70.85,73.73,69.59,73.43,11827100
QCOM,20141222,73.58,75.72,73.45,75.62,6064600
QCOM,20141229,75.00,75.60,73.75,74.28,6629400
QCOM,20150105,73.71,75.30,72.74,74.42,10627100
QCOM,20150112,74.14,75.05,70.12,71.29,11553600
QCOM,20150120,71.75,73.21,69.95,72.18,11909400
QCOM,20150126,72.17,72.90,62.39,62.46,21969500
QCOM,20150202,62.49,67.99,62.26,66.35,14584300
QCOM,20150209,68.16,70.95,66.96,70.88,17204000
QCOM,20150217,70.76,71.72,70.11,71.52,8826000
QCOM,20150223,71.26,72.57,70.36,72.51,9892700
QCOM,20150302,71.80,72.90,70.51,71.51,9077600
