FB,20120518,42.05,45.00,38.00,38.23,573576400
FB,20120521,36.53,36.66,30.94,31.91,86193200
FB,20120529,31.48,31.69,26.83,27.72,72206500
FB,20120604,27.20,27.76,25.52,27.10,40677200
FB,20120611,27.18,30.10,26.84,30.01,24311600
FB,20120618,29.96,33.45,29.41,33.05,37218100
FB,20120625,32.86,33.44,30.76,31.10,23003900
FB,20120702,31.25,31.90,30.55,31.73,10965800
FB,20120709,32.10,32.88,30.55,30.72,12898800
FB,20120716,30.50,30.50,27.15,28.76,19501300
FB,20120723,28.12,29.49,22.28,23.71,45772000
FB,20120730,24.00,24.04,19.82,21.09,53418200
FB,20120806,21.39,22.45,20.22,21.81,27100900
FB,20120813,22.15,22.45,19.00,19.05,79800300
FB,20120820,19.05,20.13,18.75,19.41,56831000
FB,20120827,19.49,19.53,18.03,18.06,30331400
FB,20120904,18.08,19.42,17.55,18.98,47460600
FB,20120910,19.06,22.08,18.55,22.00,66950200
FB,20120917,22.67,23.37,21.37,22.86,54935500
FB,20120924,21.78,21.98,19.80,21.66,51874400
FB,20121001,22.08,22.59,20.88,20.91,40005100
FB,20121008,20.40,20.75,19.45,19.52,27869400
FB,20121015,19.68,20.48,18.80,19.00,34618200
FB,20121022,19.20,24.25,19.05,21.94,97819200
FB,20121031,20.82,21.69,20.73,21.18,58478800
FB,20121105,21.10,21.48,19.13,19.21,34163200
FB,20121112,19.15,23.93,18.87,23.56,110983000
FB,20121119,23.96,24.68,22.70,24.00,62764900
FB,20121126,24.94,28.00,24.81,28.00,94928100
FB,20121203,28.00,28.88,26.68,27.49,70625000
FB,20121210,27.17,28.75,26.76,26.81,69419000
FB,20121217,26.77,28.22,26.12,26.26,53955100
FB,20121224,26.50,27.18,25.15,25.91,40365500
FB,20121231,26.20,28.93,26.11,28.76,66519200
FB,20130107,28.69,31.96,28.65,31.72,83871000
FB,20130114,32.08,32.21,29.27,29.66,87471200
FB,20130122,29.75,31.93,29.74,31.54,50587900
FB,20130128,31.88,32.51,28.74,29.73,99388500
FB,20130204,29.06,29.29,28.01,28.55,50187000
FB,20130211,28.61,28.75,27.10,28.32,49949900
FB,20130219,28.23,29.08,26.82,27.13,44371700
FB,20130225,27.16,28.12,26.34,27.78,49535200
FB,20130304,27.76,28.68,27.21,27.96,45058900
FB,20130311,28.01,28.64,26.56,26.65,32415000
FB,20130318,26.37,26.90,25.56,25.73,27741300
FB,20130325,25.75,26.28,24.72,25.58,36759800
FB,20130401,25.63,27.80,25.28,27.39,50436200
FB,20130408,27.19,28.10,26.42,27.40,31316400
FB,20130415,27.16,27.48,25.15,25.73,28704300
FB,20130422,25.81,27.62,25.70,26.85,24155400
FB,20130429,27.16,29.07,26.86,28.31,58555500
FB,20130506,28.33,28.46,26.57,26.68,36831500
FB,20130513,26.60,27.33,25.90,26.25,29852100
FB,20130520,26.18,26.19,24.08,24.31,42073900
FB,20130528,24.54,24.95,23.26,24.35,52743900
FB,20130603,24.27,24.32,22.67,23.29,38854800
FB,20130610,24.06,24.60,23.26,23.63,35318200
FB,20130617,23.91,25.19,23.65,24.53,38152700
FB,20130624,23.95,24.98,23.38,24.88,45340500
FB,20130701,24.97,25.06,24.15,24.37,17402500
FB,20130708,24.47,26.00,24.42,25.91,25497900
FB,20130715,25.93,26.78,25.60,25.88,29583300
FB,20130722,25.99,34.88,25.72,34.01,127974000
FB,20130729,34.07,38.49,34.01,38.05,126451000
FB,20130805,38.43,39.32,37.70,38.50,59526700
FB,20130812,38.20,38.50,36.02,37.08,49465200
FB,20130819,37.43,40.63,37.14,40.55,54019000
FB,20130826,40.90,42.26,39.42,41.29,70162800
FB,20130903,41.84,44.61,41.44,43.95,64731900
FB,20130909,44.36,45.62,43.11,44.31,64700100
FB,20130916,44.85,47.60,42.43,47.49,84231300
FB,20130923,47.28,51.28,46.29,51.24,95880600
FB,20130930,50.14,51.60,49.06,51.04,83507000
FB,20131007,50.73,51.29,45.26,49.11,99756800
FB,20131014,48.31,54.83,47.91,54.22,74881600
FB,20131021,54.68,54.81,51.13,51.95,58101200
FB,20131028,51.54,52.09,46.50,49.75,129306000
FB,20131104,49.37,50.45,47.25,47.53,78590800
FB,20131111,47.04,49.57,45.73,49.01,69184200
FB,20131118,48.47,48.84,45.72,46.23,58175200
FB,20131125,46.36,47.21,43.55,47.01,58131900
FB,20131202,46.90,49.39,46.26,47.94,46108600
FB,20131209,48.09,53.50,47.74,53.32,69135000
FB,20131216,53.25,55.89,52.91,55.12,113890000
FB,20131223,55.50,58.58,55.25,55.44,65120400
FB,20131230,54.93,55.65,53.43,54.56,48206200
FB,20140106,54.42,58.96,54.05,57.94,67489000
FB,20140113,57.91,58.57,55.38,56.30,41913700
FB,20140121,56.60,59.31,54.40,54.45,53293600
FB,20140127,54.73,63.37,51.85,62.57,90616800
FB,20140203,63.03,64.57,60.70,64.32,55065600
FB,20140210,64.30,67.58,63.35,67.09,47046000
FB,20140218,66.94,70.11,65.73,68.59,76939500
FB,20140224,68.74,71.44,67.38,68.46,58491400
FB,20140303,66.96,71.97,66.51,69.80,51671700
FB,20140310,70.77,72.59,67.46,67.72,54187600
FB,20140317,68.18,69.60,66.18,67.24,48288700
FB,20140324,67.19,67.36,57.98,60.01,86337500
FB,20140331,60.78,63.91,56.32,56.75,77530400
FB,20140407,55.90,63.18,55.44,58.53,98795800
FB,20140414,60.09,60.58,55.88,58.94,86940500
FB,20140421,59.46,63.65,57.57,57.71,89766200
FB,20140428,58.05,62.28,54.66,60.46,79205200
FB,20140505,59.67,61.35,56.26,57.24,58876000
FB,20140512,57.98,60.89,57.31,58.02,49855200
FB,20140519,57.89,61.48,57.57,61.35,49690200
FB,20140527,61.62,64.30,61.57,63.30,47857600
FB,20140602,63.23,64.36,62.05,62.50,38894400
FB,20140609,62.40,66.47,61.79,64.50,47242900
FB,20140616,64.16,65.75,63.35,64.50,35008400
FB,20140623,64.32,68.00,64.22,67.60,46075600
FB,20140630,67.46,68.44,65.76,66.29,31885800
FB,20140707,66.30,66.59,62.21,66.34,46547400
FB,20140714,67.13,68.46,66.04,68.42,38597600
FB,20140721,68.81,76.74,68.50,75.19,67691400
FB,20140728,75.17,75.50,71.55,72.36,41485800
FB,20140804,72.36,74.00,71.79,73.06,32418400
FB,20140811,73.46,74.65,72.22,73.63,28465900
FB,20140818,74.00,75.58,73.57,74.57,22913800
FB,20140825,74.94,75.99,73.73,74.82,25647600
FB,20140902,75.01,77.48,74.82,77.26,30880000
FB,20140908,77.26,78.36,76.20,77.48,29187400
FB,20140915,77.15,78.30,73.07,77.91,43163200
FB,20140922,77.00,78.94,75.95,78.79,33172000
FB,20140929,78.12,79.71,75.64,77.44,36969600
FB,20141006,77.19,77.95,72.76,72.91,33731000
FB,20141013,73.23,76.00,70.32,75.95,57127200
FB,20141020,75.60,80.82,75.38,80.67,35213100
FB,20141027,80.74,81.16,72.90,74.99,67089200
FB,20141103,75.47,76.80,73.65,75.60,31624600
FB,20141110,75.36,75.48,73.54,74.88,22550500
FB,20141117,74.88,75.66,72.51,73.75,23408600
FB,20141124,73.54,78.27,73.35,77.70,25760300
FB,20141201,77.26,77.31,74.40,76.36,20774700
FB,20141208,76.18,78.88,74.78,77.83,28971300
FB,20141215,78.46,80.00,74.59,79.88,33542400
FB,20141222,80.08,82.17,80.00,80.78,17398600
FB,20141229,80.49,80.96,77.70,78.45,16680800
FB,20150105,77.98,79.25,75.36,77.74,24202900
FB,20150112,77.84,78.08,73.54,75.18,25242700
FB,20150120,75.72,78.19,74.82,77.83,21046000
FB,20150126,77.98,78.47,74.21,75.91,39324000
FB,20150202,76.11,76.35,73.75,74.47,25048400
FB,20150209,74.05,76.87,73.45,75.74,17747900
FB,20150217,75.30,80.34,75.08,79.90,32615900
FB,20150223,79.96,81.37,78.10,78.97,26075500
FB,20150302,79.00,81.99,78.52,80.01,24058400
