AAPL,20100310,223.83,227.73,223.20,226.60,118186800
AAPL,20100315,225.38,226.45,220.25,222.25,114646100
AAPL,20100322,220.47,231.95,220.15,230.90,141989500
AAPL,20100329,233.00,238.73,231.62,235.97,131366200
AAPL,20100405,234.98,241.92,234.77,241.79,133359900
AAPL,20100412,242.20,251.14,241.11,247.40,108532200
AAPL,20100419,247.03,272.18,241.77,270.83,193901100
AAPL,20100426,271.88,272.46,256.41,261.09,152405900
AAPL,20100503,263.84,267.88,199.25,235.86,251157200
AAPL,20100510,250.25,265.00,248.53,253.82,192333400
AAPL,20100517,254.70,258.55,231.35,242.32,253902300
AAPL,20100524,247.28,259.40,237.16,256.88,206739800
AAPL,20100601,259.69,265.94,254.63,255.96,185839500
AAPL,20100607,258.29,259.15,242.20,253.51,203222800
AAPL,20100614,255.96,275.00,254.01,274.07,181459400
AAPL,20100621,277.69,279.01,265.81,266.70,176321400
AAPL,20100628,266.93,269.75,243.20,246.94,208724100
AAPL,20100706,251.00,262.90,246.16,259.62,152578600
AAPL,20100712,258.53,261.85,246.43,249.90,221528700
AAPL,20100719,249.88,265.15,239.60,259.94,223190300
AAPL,20100726,260.00,265.99,254.90,257.25,130866200
AAPL,20100802,260.44,264.28,257.63,260.09,100003900
AAPL,20100809,261.48,262.15,246.12,249.10,113244600
AAPL,20100816,247.58,254.67,246.62,249.64,94585100
AAPL,20100823,251.79,252.00,235.56,241.62,131418500
AAPL,20100830,240.76,258.78,240.35,258.77,121866500
AAPL,20100907,256.64,266.52,256.25,263.41,105951600
AAPL,20100913,265.82,277.96,265.52,275.37,125643900
AAPL,20100920,276.08,293.53,275.85,292.32,167382300
AAPL,20100927,293.98,294.73,275.00,282.52,155452700
AAPL,20101004,281.60,294.50,277.77,294.07,133747000
AAPL,20101011,294.74,315.00,292.49,314.74,148694000
AAPL,20101018,318.47,319.00,300.02,307.47,198582800
AAPL,20101025,309.09,311.60,300.87,300.98,108297800
AAPL,20101101,302.22,320.18,302.20,317.13,118495400
AAPL,20101108,317.20,321.30,303.63,308.03,110333000
AAPL,20101115,308.46,310.54,297.76,306.73,121002000
AAPL,20101122,306.68,317.70,305.87,315.00,97739600
AAPL,20101129,315.50,319.00,310.87,317.44,110716200
AAPL,20101206,318.64,323.99,317.11,320.56,85926600
AAPL,20101213,324.37,325.06,319.00,320.61,95854700
AAPL,20101220,321.60,325.72,318.23,323.60,70690200
AAPL,20101227,322.85,326.66,321.31,322.56,46994000
AAPL,20110103,325.64,336.35,324.84,336.12,81104900
AAPL,20110110,338.83,348.48,337.17,348.48,90043900
AAPL,20110118,329.52,348.60,326.00,326.72,283487500
AAPL,20110124,326.87,345.60,326.72,336.10,125275500
AAPL,20110131,335.80,346.70,334.30,346.50,88923600
AAPL,20110207,347.89,360.00,347.64,356.85,132246500
AAPL,20110214,356.79,364.90,349.52,350.56,121119400
AAPL,20110222,342.15,348.43,337.72,348.16,151520600
AAPL,20110228,351.24,360.29,347.68,360.00,120792800
AAPL,20110307,361.40,361.67,344.90,351.99,116718200
AAPL,20110314,353.18,356.48,326.26,330.67,186584300
AAPL,20110321,335.99,352.06,335.26,351.54,98097100
AAPL,20110328,353.15,354.32,343.30,344.56,84217100
AAPL,20110404,344.31,344.60,333.95,335.06,104816800
AAPL,20110411,334.06,336.14,326.80,327.46,96310600
AAPL,20110418,326.10,355.13,320.16,350.70,155234600
AAPL,20110425,350.34,354.99,345.52,350.13,116443100
AAPL,20110502,349.74,351.83,345.50,346.66,88070700
AAPL,20110509,347.86,350.00,340.35,340.50,73547700
AAPL,20110516,339.20,342.41,330.73,335.22,91801200
AAPL,20110523,329.97,338.56,329.42,337.41,71295500
AAPL,20110531,341.10,352.13,341.00,343.44,101529400
AAPL,20110606,345.70,347.05,325.51,325.90,101724700
AAPL,20110613,327.20,333.25,318.33,320.26,109442400
AAPL,20110620,317.36,333.15,310.50,326.35,126208800
AAPL,20110627,327.59,343.50,327.25,343.26,87246300
AAPL,20110705,343.00,360.00,342.50,359.71,105561000
AAPL,20110711,356.34,365.00,348.62,364.92,110046100
AAPL,20110718,365.43,396.27,365.28,393.30,168820100
AAPL,20110725,390.35,404.50,384.00,390.48,147616500
AAPL,20110801,397.78,399.50,362.57,373.62,203044100
AAPL,20110808,361.69,379.64,353.02,376.99,218800900
AAPL,20110815,379.63,384.97,356.00,356.03,151433900
AAPL,20110822,364.51,383.80,355.09,383.58,166562000
AAPL,20110829,388.18,392.08,371.83,374.05,106422100
AAPL,20110906,367.37,388.61,366.48,377.48,115077900
AAPL,20110912,373.00,400.50,371.90,400.50,127972400
AAPL,20110919,397.00,422.86,395.20,404.30,186017400
AAPL,20110926,399.86,409.25,381.18,381.32,153686900
AAPL,20111003,380.37,384.78,354.24,369.80,201864300
AAPL,20111010,379.09,422.00,378.21,422.00,133502000
AAPL,20111017,421.74,426.70,390.75,392.87,192111000
AAPL,20111024,396.18,409.00,393.15,404.95,110318800
AAPL,20111031,402.42,409.33,393.22,400.24,99412800
AAPL,20111107,399.91,408.00,380.26,384.62,131397000
AAPL,20111114,383.52,391.14,374.88,374.94,103238200
AAPL,20111121,370.40,377.93,363.32,363.57,96252100
AAPL,20111128,372.35,393.63,370.20,389.70,94722100
AAPL,20111205,393.49,396.41,386.76,393.62,80945200
AAPL,20111212,391.68,395.40,377.68,381.02,86228100
AAPL,20111219,382.47,403.59,380.48,403.33,65372500
AAPL,20111227,403.10,409.09,400.51,405.00,55586100
AAPL,20120103,409.40,422.75,409.00,422.40,71987800
AAPL,20120109,425.50,427.75,418.66,419.81,65295700
AAPL,20120117,424.20,431.37,419.75,420.30,74712500
AAPL,20120123,422.67,454.45,419.55,447.28,121785400
AAPL,20120130,445.71,460.00,445.39,459.68,75723300
AAPL,20120206,458.38,497.62,458.20,493.42,124452100
AAPL,20120213,499.53,526.29,486.63,502.12,198204500
AAPL,20120221,506.88,522.90,504.12,522.41,129499800
AAPL,20120227,521.31,548.21,516.28,545.18,160748100
AAPL,20120305,545.42,547.74,516.22,545.17,167663000
AAPL,20120312,548.98,600.01,547.00,585.57,225109300
AAPL,20120319,598.37,609.65,589.05,596.05,170814900
AAPL,20120326,599.79,621.45,595.26,599.55,159880400
AAPL,20120402,601.83,634.66,600.38,633.68,165449300
AAPL,20120409,626.13,644.00,603.51,605.23,182892900
AAPL,20120416,610.06,620.25,570.42,572.98,244827500
AAPL,20120423,570.61,618.00,555.00,603.00,194562300
AAPL,20120430,597.80,598.40,565.17,565.25,123253700
AAPL,20120507,561.50,575.88,558.73,566.71,108541000
AAPL,20120514,562.57,567.51,522.18,530.38,141968500
AAPL,20120521,534.50,576.50,534.05,562.29,136780500
AAPL,20120529,570.90,581.50,560.52,560.99,120162500
AAPL,20120604,561.50,580.58,548.50,580.32,103697400
AAPL,20120611,587.72,588.50,566.70,574.13,100052600
AAPL,20120618,570.96,590.00,570.37,582.10,88579100
AAPL,20120625,577.30,584.00,565.61,584.00,74412600
AAPL,20120702,584.73,614.34,583.60,605.88,96569900
AAPL,20120709,605.30,619.87,592.68,604.97,105007700
AAPL,20120716,605.12,615.35,603.15,604.30,84095900
AAPL,20120723,594.40,609.68,570.00,585.16,137049500
AAPL,20120730,590.92,617.98,587.82,615.70,95152500
AAPL,20120806,617.29,625.00,615.26,621.70,62691800
AAPL,20120813,623.39,648.19,623.25,648.11,78681900
AAPL,20120820,650.01,674.88,648.11,663.22,142444800
AAPL,20120827,679.99,680.87,657.25,665.24,76912600
AAPL,20120904,665.76,682.48,664.50,680.44,89070600
AAPL,20120910,680.45,696.98,656.00,691.28,145152400
AAPL,20120917,699.35,705.07,693.62,700.09,100328300
AAPL,20120924,686.86,695.12,660.35,667.10,143213000
AAPL,20121001,671.16,676.75,650.65,652.59,128030000
AAPL,20121008,646.88,647.56,623.55,629.71,149652100
AAPL,20121015,632.35,652.79,609.62,609.84,129601000
AAPL,20121022,612.42,635.38,591.00,604.00,174358100
AAPL,20121031,594.88,603.00,574.75,576.80,122556200
AAPL,20121105,583.52,590.74,533.72,547.06,184188000
AAPL,20121112,554.15,554.50,505.75,527.68,179136300
AAPL,20121119,540.71,572.00,539.88,571.50,131993700
AAPL,20121126,575.90,594.25,572.26,585.28,129539600
AAPL,20121203,593.65,594.59,518.63,533.25,196511900
AAPL,20121210,525.00,549.56,505.58,509.79,167240600
AAPL,20121217,508.93,534.90,501.23,519.33,145530900
AAPL,20121224,520.35,524.25,504.66,509.59,80474200
AAPL,20121231,510.53,555.00,509.00,527.00,135456800
AAPL,20130107,522.00,531.89,515.20,520.30,115106000
AAPL,20130114,502.68,510.75,483.38,500.00,161419300
AAPL,20130122,504.56,514.99,435.00,439.88,249495900
AAPL,20130128,437.83,462.60,435.86,453.62,131632400
AAPL,20130204,453.91,478.81,442.00,474.98,149095500
AAPL,20130211,476.50,484.94,459.92,460.16,117438500
AAPL,20130219,461.10,462.73,442.82,450.81,105620200
AAPL,20130225,453.85,455.12,429.98,430.47,116819600
AAPL,20130304,427.80,435.43,419.00,431.72,127069700
AAPL,20130311,429.75,444.23,425.14,443.66,114676600
AAPL,20130318,441.45,462.10,441.20,461.91,110999700
AAPL,20130325,464.69,469.95,441.62,442.66,98094100
AAPL,20130401,441.90,443.70,419.68,423.20,101230500
AAPL,20130408,424.85,437.99,422.49,429.80,77517400
AAPL,20130415,427.00,427.89,385.10,390.53,142196000
AAPL,20130422,392.64,418.77,391.27,417.20,160637200
AAPL,20130429,420.45,453.23,420.00,449.98,131095100
AAPL,20130506,455.71,465.75,450.48,452.97,109316600
AAPL,20130513,451.51,457.90,418.90,433.26,126839400
AAPL,20130520,431.91,448.35,430.10,445.15,98991300
AAPL,20130528,449.90,457.10,439.40,449.73,90909000
AAPL,20130603,450.73,454.43,432.77,441.81,88857000
AAPL,20130610,444.73,449.08,428.50,430.05,77959500
AAPL,20130617,431.44,435.70,408.10,413.50,80190400
AAPL,20130624,407.40,408.66,388.87,396.53,103919700
AAPL,20130701,402.69,423.29,401.22,417.42,85992000
AAPL,20130708,420.11,429.79,410.38,426.51,76899200
AAPL,20130715,425.01,434.87,424.17,424.95,57252300
AAPL,20130722,429.46,444.59,418.71,440.99,79938700
AAPL,20130729,440.80,462.85,440.20,462.54,68073600
AAPL,20130805,464.69,471.89,453.65,454.45,73760600
AAPL,20130812,456.86,504.25,456.63,502.33,142767300
AAPL,20130819,504.34,513.74,498.20,501.02,83601200
AAPL,20130826,500.75,510.20,486.00,487.22,78735800
AAPL,20130903,493.10,502.24,487.35,498.22,79553400
AAPL,20130909,505.00,507.92,464.70,464.90,134273300
AAPL,20130916,461.00,478.55,447.22,467.41,125189600
AAPL,20130923,496.10,496.91,480.72,482.75,95433500
AAPL,20130930,477.25,492.35,474.41,483.03,74242200
AAPL,20131007,486.56,493.84,478.28,492.81,72563800
AAPL,20131014,489.83,509.26,489.35,508.89,68860400
AAPL,20131021,511.77,533.23,508.03,525.96,98422500
AAPL,20131028,529.04,539.25,514.54,520.03,104549900
AAPL,20131104,521.10,528.89,512.38,520.56,63757600
AAPL,20131111,519.99,529.28,514.41,524.99,61464400
AAPL,20131118,524.99,527.19,513.67,519.80,56677600
AAPL,20131125,521.02,558.33,521.00,556.07,82016900
AAPL,20131202,558.00,575.14,550.82,560.02,104662700
AAPL,20131209,560.90,570.97,553.67,554.43,77679700
AAPL,20131216,555.02,562.64,538.80,549.02,91754000
AAPL,20131223,568.00,571.88,559.50,560.09,68672100
AAPL,20131230,557.46,561.28,540.43,540.98,68991600
AAPL,20140106,537.45,546.86,531.11,532.94,78623700
AAPL,20140113,529.91,560.20,529.88,540.67,87935500
AAPL,20140121,540.99,557.29,540.42,546.07,96319100
AAPL,20140127,550.07,554.80,493.55,500.60,163325500
AAPL,20140203,502.61,522.93,499.30,519.68,86726700
AAPL,20140210,518.66,545.98,518.00,543.99,75811900
AAPL,20140218,546.00,551.19,524.60,525.25,72416400
AAPL,20140224,523.15,532.75,515.60,526.24,73546400
AAPL,20140303,523.42,534.75,522.81,530.44,55210100
AAPL,20140310,528.36,539.66,523.00,524.69,57603800
AAPL,20140317,527.70,536.24,525.20,532.87,60819600
AAPL,20140324,538.42,549.00,534.25,536.86,68017800
AAPL,20140331,539.23,543.48,530.58,531.82,49372200
AAPL,20140407,528.02,532.24,517.14,519.61,62563900
AAPL,20140414,521.90,527.76,511.33,524.94,60704000
AAPL,20140421,525.34,571.99,523.96,571.94,96511900
AAPL,20140428,572.80,599.43,572.55,592.58,94953300
AAPL,20140505,590.14,604.41,580.33,585.54,73319500
AAPL,20140512,587.49,597.53,585.40,597.51,52322600
AAPL,20140519,597.85,614.73,597.33,614.13,59121000
AAPL,20140527,615.88,644.17,615.63,633.00,100302600
AAPL,20140602,633.96,651.26,622.50,645.57,82564300
AAPL,20140609,648.9,665.35,636.16,638.96,410405800.0
AAPL,20140616,640.57,649.25,636.3,636.37,329317800.0
AAPL,20140623,639.24,644.0,627.55,643.86,302759800.0
AAPL,20140630,644.7,658.7,644.63,658.21,243545400.0
AAPL,20140707,658.98,677.6,654.64,666.54,324562000.0
AAPL,20140714,671.02,679.7,647.99,661.01,348705700.0
AAPL,20140721,664.93,685.16,656.04,683.69,386948800.0
AAPL,20140728,684.74,696.08,663.67,672.91,331555000.0
AAPL,20140804,674.59,676.06,652.96,663.18,312235000.0
AAPL,20140811,666.89,687.33,663.88,685.86,251108200.0
AAPL,20140818,689.43,710.29,685.86,709.24,346264800.0
AAPL,20140825,712.53,720.3,704.9,717.5,334384400.0
AAPL,20140902,721.42,726.18,684.53,692.79,565530000.0
AAPL,20140908,695.1,721.56,672.98,711.62,648931500.0
AAPL,20140915,719.67,721.35,692.23,706.72,416293500.0
AAPL,20140922,712.6,720.58,684.04,705.25,474354300.0
AAPL,20140929,690.55,710.78,686.28,697.34,346848600.0
AAPL,20141006,699.65,716.66,688.17,705.11,392361200.0
AAPL,20141013,709.31,712.46,666.26,683.69,501955300.0
AAPL,20141020,688.24,738.43,687.54,736.54,501945500.0
AAPL,20141027,733.95,756.28,732.9,756.0,308153300.0
AAPL,20141103,757.54,772.1,754.04,763.07,279933500.0
AAPL,20141110,763.14,799.33,758.8,799.26,287233100.0
AAPL,20141117,799.89,822.99,793.1,815.29,326780300.0
AAPL,20141124,817.95,838.25,816.34,832.51,318278800.0
AAPL,20141201,831.67,834.75,778.89,805.0,372841700.0
AAPL,20141208,798.7,803.95,765.45,768.11,363815200.0
AAPL,20141215,774.9,792.68,743.82,782.46,460399100.0
AAPL,20141222,785.12,801.64,783.79,797.93,208943700.0
AAPL,20141229,796.53,803.39,751.45,765.31,266154700.0
AAPL,20150105,758.03,792.75,732.41,784.07,396553500.0
AAPL,20150112,788.2,789.6,736.4,741.93,425917100.0
AAPL,20150120,754.88,796.25,745.5,790.86,347789400.0
AAPL,20150126,796.18,840.0,763.21,820.12,652179500.0
AAPL,20150202,826.35,843.57,812.56,832.51,378591500.0
AAPL,20150209,829.85,892.36,829.01,889.56,424489100.0
AAPL,20150217,892.43,906.5,888.44,906.5,340120900.0
AAPL,20150223,910.14,935.2,886.27,899.22,515502400.0
AAPL,20150302,904.75,911.96,880.32,886.2,343169400.0
