ACY,20130221,16.6,16.88,16.6,16.88,1000
ACY,20130225,16.6,16.9,15.66,16.45,3200
ACY,20130304,16.35,16.9,16,16.25,2400
ACY,20130311,16.26,18.31,15.61,17.93,10500
ACY,20130318,17.22,18,17.19,17.23,3500
ACY,20130325,17.5,18.04,16.55,17.5,1700
ACY,20130401,17.75,19.98,17.73,19.48,15700
ACY,20130408,19.2,20.5,19.01,20.48,7800
ACY,20130415,20.54,20.54,17.53,18.91,7100
ACY,20130422,20,20.48,18.52,19.16,3300
ACY,20130429,19.81,20.38,18.41,19.44,4600
ACY,20130506,19.26,20.48,19.08,20.28,2900
ACY,20130513,20.25,21.25,19.5,21.2,11300
ACY,20130520,21.5,21.5,20.59,20.99,6500
ACY,20130528,20.99,20.99,19.45,19.46,7300
ACY,20130603,19.87,20.23,18.35,18.7,5800
ACY,20130610,18.7,19.9,18.7,18.96,1900
ACY,20130617,18.98,19.65,18.38,19.12,4200
ACY,20130624,19.02,19.88,18.65,19.48,2500
ACY,20130701,19.5,19.92,19.1,19.4,2500
ACY,20130708,19.4,19.99,19.2,19.99,2700
ACY,20130715,20,21.28,19.98,21.28,4100
ACY,20130722,21.5,22.17,21.3,22.15,6600
ACY,20130729,22.21,22.26,22.17,22.23,5500
ACY,20130805,22.15,22.29,19.1,19.86,9100
ACY,20130812,19.95,22.3,19.95,20.95,5800
ACY,20130819,21,21,20,20.16,4600
ACY,20130826,20.38,20.99,20.18,20.19,1600
ACY,20130903,20.35,20.98,20.13,20.93,2900
ACY,20130909,20.66,20.9,20.35,20.52,4400
ACY,20130916,20.39,20.99,20.2,20.88,5700
ACY,20130923,20.75,20.95,20.08,20.43,6700
ACY,20130930,20.69,20.69,20.15,20.35,1600
ACY,20131007,20.55,20.56,19.86,20.16,2800
ACY,20131014,20.16,20.3,19.86,20.24,3500
ACY,20131021,20.24,20.41,19.9,19.91,5800
ACY,20131028,20.18,20.6,19.91,20.31,2800
ACY,20131104,20.31,20.31,18.9,19,6900
ACY,20131111,18.78,18.78,17.56,17.56,6900
ACY,20131118,17.58,17.58,14.65,15.5,11700
ACY,20131125,15.49,16.29,15.49,16.26,6100
ACY,20131202,16.27,19.5,16.26,18.63,6500
ACY,20131209,18.66,18.97,16.71,17.95,3900
ACY,20131216,17.46,17.46,16.58,17.02,3200
ACY,20131223,16.91,17.21,16.84,17.16,3200
ACY,20131230,17.13,17.2,16.1,16.9,6900
ACY,20140106,16.9,16.99,16.34,16.6,1500
ACY,20140113,16.5,16.87,16.34,16.35,2100
ACY,20140121,16.4,16.87,16.35,16.54,1800
ACY,20140127,16.53,16.79,15.52,15.62,2900
ACY,20140203,15.36,15.98,15.34,15.7,1100
ACY,20140210,15.08,18.4,15.03,18.4,4400
ACY,20140218,18.4,18.98,18.11,18.94,2100
ACY,20140219,18.55,19,18.11,18.9,2100
ACY,20140224,18.45,18.5,16.72,18.07,800
ACY,20140303,17.8,17.98,17.1,17.5,2100
ACY,20140310,17.79,18.4,16.7,17.14,4500
ACY,20140317,16.44,18.5,15.87,17.26,8200
ACY,20140324,17,17.97,16.86,17.81,1600
ACY,20140331,16.91,17.81,16.91,17.61,2000
ACY,20140407,17.16,18.9,17.16,18.04,4100
ACY,20140414,18.9,18.9,17.15,18.18,4700
ACY,20140421,18.19,18.5,17.32,18.5,3700
ACY,20140428,18,18.4,17.38,17.54,5900
ACY,20140505,17.56,18.19,17.11,17.11,2800
ACY,20140512,17.7,17.7,15.25,15.86,2700
ACY,20140519,15.56,16.97,15.56,16.25,3700
ACY,20140527,16.05,16.34,15.55,15.76,5700
ACY,20140602,16.24,16.9,15.67,16.5,1000
ACY,20140609,17.19,17.19,15.91,16.26,2700
ACY,20140616,16.76,17,16.02,16.68,900
ACY,20140623,15.77,17.06,15.77,16.06,1700
ACY,20140630,16.17,16.4,15.58,15.9,800
ACY,20140707,15.75,16.37,15.5,16.08,3300
ACY,20140714,15.78,16.4,15.78,16.4,1400
ACY,20140721,16.03,16.4,15.79,16.29,10700
ACY,20140728,16.29,16.29,15.79,15.79,3900
ACY,20140804,15.79,15.95,15.25,15.43,1000
ACY,20140811,15.25,15.36,12.39,12.52,4300
ACY,20140818,12.52,12.52,10.9,11.08,7800
ACY,20140825,11.1,11.94,11.05,11.3,2100
ACY,20140902,11.35,11.9,11.35,11.35,4900
ACY,20140908,11.35,12.39,11.02,11.36,7200
ACY,20140915,11.73,11.88,11.1,11.1,2400
ACY,20140922,11.41,11.41,11,11.19,2100
ACY,20140929,11.19,11.79,10.85,11.11,1400
ACY,20141006,11.81,11.81,11.15,11.15,2600
ACY,20141013,11.2,11.4,11.15,11.15,600
ACY,20141020,11.41,11.41,11.15,11.15,1100
ACY,20141027,10.5,11.82,10.5,11.15,2800
ACY,20141103,11.15,11.8,11.05,11.23,3000
ACY,20141110,11.05,11.35,8.14,8.5,10400
ACY,20141117,8.5,8.74,8.05,8.41,8100
ACY,20141124,8.4,8.4,8.05,8.14,2100
ACY,20141201,8.52,11.23,8.05,9.73,8600
ACY,20141208,10.13,10.49,8.12,8.49,10500
ACY,20141215,8.29,9.24,8.2,8.56,3500
ACY,20141222,8.54,8.72,8.5,8.65,2000
ACY,20141229,8.58,8.88,8.5,8.51,3600
ACY,20150105,8.5,8.54,8.05,8.08,11700
ACY,20150112,8.03,8.12,7.61,7.83,4800
ACY,20150120,7.87,8,7.82,7.9,1300
ACY,20150126,7.82,8.23,7.82,7.92,4300
ACY,20150202,7.92,8.28,7.92,7.99,2200
ACY,20150209,7.8,8.49,7.75,8.49,3100
ACY,20150217,8.45,8.69,8.45,8.69,1500
