AMAT,20050310,16.70,16.92,16.40,16.40,29089700
AMAT,20050314,16.48,16.57,15.97,15.99,22525900
AMAT,20050321,16.04,16.71,15.81,16.63,31473100
AMAT,20050328,16.69,16.80,15.95,16.01,26470800
AMAT,20050404,16.00,16.29,15.94,16.07,20766300
AMAT,20050411,16.10,16.15,14.33,14.50,38105600
AMAT,20050418,14.73,15.53,14.61,14.96,33594000
AMAT,20050425,15.05,15.35,14.47,14.87,24056700
AMAT,20050502,14.96,15.66,14.90,15.63,22949900
AMAT,20050509,15.62,16.33,15.49,16.16,23782100
AMAT,20050516,16.02,16.15,15.46,15.85,37673000
AMAT,20050523,15.85,16.75,15.80,16.65,27237600
AMAT,20050531,16.77,16.93,16.41,16.87,24401800
AMAT,20050606,16.85,17.43,16.56,17.15,27460300
AMAT,20050613,16.98,17.20,16.51,16.90,22721700
AMAT,20050620,16.74,17.27,16.45,16.45,21363000
AMAT,20050627,16.47,16.50,16.10,16.14,16760400
AMAT,20050705,16.08,16.72,15.99,16.66,19411500
AMAT,20050711,16.75,17.50,16.74,17.35,22468900
AMAT,20050718,17.25,18.50,17.06,18.30,26837000
AMAT,20050725,18.17,18.54,17.81,18.48,17415800
AMAT,20050801,18.56,18.60,17.76,17.85,17669400
AMAT,20050808,17.94,18.12,17.22,17.42,19354800
AMAT,20050815,17.47,18.39,17.13,18.17,30217100
AMAT,20050822,18.22,18.52,17.81,17.96,19227300
AMAT,20050829,17.88,18.32,17.58,17.70,17602500
AMAT,20050906,17.78,18.03,17.41,17.97,19399400
AMAT,20050912,17.95,18.29,17.71,17.92,19338000
AMAT,20050919,17.88,17.91,16.70,16.94,16898100
AMAT,20050926,17.09,17.18,16.52,16.96,15952100
AMAT,20051003,17.10,17.32,16.55,16.88,19864700
AMAT,20051010,16.85,17.50,16.65,17.33,22223900
AMAT,20051017,17.33,17.40,16.62,16.93,18769800
AMAT,20051024,17.00,17.30,16.14,16.36,18274900
AMAT,20051031,16.38,17.10,15.96,16.85,25755200
AMAT,20051107,16.98,18.10,16.90,17.96,22736600
AMAT,20051114,17.94,18.15,17.02,17.24,24931800
AMAT,20051121,17.22,18.50,16.42,18.30,18577900
AMAT,20051128,18.34,18.98,18.04,18.83,20787600
AMAT,20051205,18.72,19.22,18.40,18.80,25422100
AMAT,20051212,18.97,19.47,18.82,18.93,20363600
AMAT,20051219,18.97,19.06,18.06,18.40,16032900
AMAT,20051227,18.47,18.56,17.87,17.94,9712300
AMAT,20060103,18.04,19.44,17.74,19.37,19972600
AMAT,20060109,19.37,21.06,19.32,20.15,37103200
AMAT,20060117,19.70,20.44,19.00,19.07,40410500
AMAT,20060123,19.22,20.00,18.75,19.75,31152900
AMAT,20060130,19.86,19.91,18.60,18.68,29085900
AMAT,20060206,18.64,20.69,18.59,19.96,33407400
AMAT,20060213,19.79,20.90,19.53,19.72,35707200
AMAT,20060221,19.72,19.79,18.69,18.80,28684900
AMAT,20060227,18.54,19.09,18.21,18.62,35619400
AMAT,20060306,18.75,18.92,17.54,17.79,30103800
AMAT,20060313,17.80,18.66,17.27,17.49,27321100
AMAT,20060320,17.57,17.95,17.41,17.94,23258900
AMAT,20060327,18.01,18.08,17.35,17.51,24303500
AMAT,20060403,17.71,18.60,17.45,18.04,23265000
AMAT,20060410,17.65,18.27,17.32,18.11,25013600
AMAT,20060417,18.00,18.84,17.53,18.06,24653200
AMAT,20060424,18.01,18.50,17.62,17.95,20882000
AMAT,20060501,18.00,19.11,17.59,19.05,24814500
AMAT,20060508,19.01,19.20,18.00,18.09,22170000
AMAT,20060515,18.00,18.27,16.74,17.00,33363100
AMAT,20060522,16.75,17.06,16.22,16.91,27611200
AMAT,20060530,17.03,17.29,16.70,17.04,23441200
AMAT,20060605,16.98,17.00,16.25,16.47,24670300
AMAT,20060612,16.48,16.85,16.09,16.30,24620700
AMAT,20060619,16.41,16.88,16.02,16.13,22078400
AMAT,20060626,16.17,16.68,15.75,16.28,21532200
AMAT,20060703,16.36,16.54,15.97,16.08,17086100
AMAT,20060710,16.12,16.20,15.37,15.42,26988500
AMAT,20060717,15.46,15.99,14.39,14.76,32219000
AMAT,20060724,14.88,15.73,14.85,15.59,25015600
AMAT,20060731,15.55,16.04,15.37,15.50,18393200
AMAT,20060807,15.40,15.62,15.06,15.17,15451900
AMAT,20060814,15.35,16.12,15.31,15.77,27504300
AMAT,20060821,15.69,16.44,15.51,16.13,26268100
AMAT,20060828,16.16,17.01,16.10,16.84,20207400
AMAT,20060905,16.85,16.94,16.26,16.53,22852900
AMAT,20060911,16.41,17.76,16.40,17.20,24541300
AMAT,20060918,17.42,17.81,16.75,16.84,60899700
AMAT,20060925,16.95,17.99,16.87,17.73,27598600
AMAT,20061002,17.69,18.50,17.32,18.30,28621500
AMAT,20061009,18.25,19.06,18.20,19.02,29887900
AMAT,20061016,19.01,19.10,16.99,17.25,30561800
AMAT,20061023,17.18,17.71,16.84,17.26,27686900
AMAT,20061030,17.25,17.63,16.88,17.08,24260200
AMAT,20061106,17.12,17.99,17.04,17.62,23572200
AMAT,20061113,17.61,18.87,17.56,18.12,34665600
AMAT,20061120,17.99,18.55,17.79,18.52,17828000
AMAT,20061127,18.48,18.61,17.42,17.73,24693900
AMAT,20061204,17.90,19.33,17.77,18.47,21167500
AMAT,20061211,18.44,18.55,17.81,18.13,22450700
AMAT,20061218,18.20,18.52,17.92,18.16,24400600
AMAT,20061226,18.11,18.79,18.08,18.45,14447100
AMAT,20070103,18.32,18.88,18.07,18.67,32261900
AMAT,20070108,18.63,19.79,18.57,19.50,30239100
AMAT,20070116,19.51,19.77,18.06,18.21,36720300
AMAT,20070122,18.27,18.32,17.35,17.78,38130600
AMAT,20070129,17.74,18.36,17.45,18.12,25844300
AMAT,20070205,18.18,18.48,17.87,17.97,23121600
AMAT,20070212,17.91,19.17,17.73,19.02,31022100
AMAT,20070220,18.81,19.48,18.46,19.19,27479300
AMAT,20070226,19.29,19.37,17.95,17.98,28561000
AMAT,20070305,17.87,18.66,17.77,18.33,25944200
AMAT,20070312,18.29,18.65,18.15,18.49,21151200
AMAT,20070319,18.56,18.96,18.31,18.79,19105900
AMAT,20070326,18.76,18.90,18.27,18.32,16992400
AMAT,20070402,18.29,18.83,18.18,18.68,20424400
AMAT,20070409,18.72,19.55,18.54,19.08,32105900
AMAT,20070416,19.19,19.88,18.97,19.48,25409400
AMAT,20070423,19.43,19.68,19.12,19.30,25511600
AMAT,20070430,19.28,19.81,19.19,19.75,22735600
AMAT,20070507,19.73,19.90,19.10,19.77,24450900
AMAT,20070514,19.84,20.78,18.68,18.85,47308600
AMAT,20070521,18.84,19.36,18.73,19.23,26240500
AMAT,20070529,19.18,19.45,18.77,19.34,24131100
AMAT,20070604,19.21,19.30,18.37,18.79,22703400
AMAT,20070611,18.79,19.95,18.42,19.85,28882100
AMAT,20070618,19.75,20.50,19.56,20.25,25029200
AMAT,20070625,20.13,20.44,19.60,19.87,23426600
AMAT,20070702,20.07,20.25,19.81,19.99,12604600
AMAT,20070709,20.02,20.98,19.67,20.48,29467700
AMAT,20070716,20.37,22.08,20.35,21.46,32846500
AMAT,20070723,21.50,21.88,21.21,21.56,29226700
AMAT,20070730,21.53,22.85,21.48,22.21,36868200
AMAT,20070806,22.28,23.00,21.68,21.85,36920500
AMAT,20070813,21.96,22.10,19.90,20.80,30270500
AMAT,20070820,20.72,21.17,20.41,20.86,17244300
AMAT,20070827,20.86,21.55,20.13,21.36,16801200
AMAT,20070904,21.49,21.99,20.50,20.79,17352700
AMAT,20070910,21.07,21.23,20.29,20.33,16525800
AMAT,20070917,20.24,21.53,20.04,21.30,16268200
AMAT,20070924,21.25,21.40,20.53,20.70,17102800
AMAT,20071001,20.85,21.75,20.40,21.13,18676500
AMAT,20071008,20.96,21.07,19.88,21.04,22133400
AMAT,20071015,20.94,21.77,20.06,20.10,21949400
AMAT,20071022,20.10,20.64,18.50,18.86,24867300
AMAT,20071029,18.95,19.90,18.73,18.87,22066700
AMAT,20071105,18.74,19.39,17.58,18.71,27635300
AMAT,20071112,18.85,19.37,18.22,18.55,29787100
AMAT,20071119,18.52,18.68,17.80,18.33,17477700
AMAT,20071126,18.34,19.25,17.81,18.83,18331800
AMAT,20071203,18.84,18.98,18.00,18.29,19556700
AMAT,20071210,18.37,18.75,17.68,17.77,19789500
AMAT,20071217,17.66,18.23,17.43,17.94,15938200
AMAT,20071224,17.91,18.28,17.70,17.87,9117500
AMAT,20071231,17.69,17.97,16.65,16.77,19074300
AMAT,20080107,16.75,17.00,16.13,16.40,25858400
AMAT,20080114,16.55,18.26,16.44,18.02,36585100
AMAT,20080122,16.87,18.28,16.80,17.42,33965200
AMAT,20080128,17.46,18.89,17.33,18.88,21022500
AMAT,20080204,18.90,19.00,17.15,17.93,20574200
AMAT,20080211,18.03,19.91,18.00,19.04,36894900
AMAT,20080219,19.25,19.88,18.37,19.68,26502200
AMAT,20080225,19.50,20.16,19.12,19.17,24641700
AMAT,20080303,19.11,20.50,18.72,20.09,35337100
AMAT,20080310,20.25,21.18,20.23,20.58,31364400
AMAT,20080317,20.13,21.65,20.05,21.10,30407100
AMAT,20080324,21.05,21.42,19.50,19.52,27447900
AMAT,20080331,19.59,21.75,19.38,20.89,26082100
AMAT,20080407,20.30,20.78,19.00,19.11,27313700
AMAT,20080414,18.92,19.70,18.31,19.13,22993100
AMAT,20080421,19.03,19.57,18.36,19.10,23881100
AMAT,20080428,19.17,19.98,18.49,19.70,16031000
AMAT,20080505,19.85,19.86,18.96,19.29,15767400
AMAT,20080512,19.29,20.13,19.16,19.57,29565600
AMAT,20080519,19.63,20.00,18.65,18.92,19641400
AMAT,20080527,19.07,19.97,19.07,19.81,17467500
AMAT,20080602,19.79,19.80,18.79,18.89,19661500
AMAT,20080609,19.01,20.10,18.40,20.09,34420900
AMAT,20080616,19.88,20.89,19.88,20.10,26854300
AMAT,20080623,20.18,20.90,19.01,19.29,25111600
AMAT,20080630,19.31,19.48,18.41,18.70,19406900
AMAT,20080707,18.76,19.18,17.25,17.91,30081600
AMAT,20080714,18.21,18.80,17.57,18.28,22762600
AMAT,20080721,18.34,18.46,16.80,17.01,29718500
AMAT,20080728,16.90,17.65,16.65,17.53,19115000
AMAT,20080804,17.63,18.84,17.52,18.79,19647500
AMAT,20080811,18.80,19.60,18.34,19.30,25093900
AMAT,20080818,19.28,19.35,18.15,18.49,14379400
AMAT,20080825,18.36,18.70,17.78,17.92,12975700
AMAT,20080902,18.27,18.49,16.64,17.16,20578500
AMAT,20080908,17.41,17.50,15.94,16.23,26996800
AMAT,20080915,15.90,16.89,15.30,15.90,28077800
AMAT,20080922,15.99,16.15,15.48,15.95,19780700
AMAT,20080929,15.69,15.88,14.08,14.19,24003600
AMAT,20081006,14.00,14.00,11.93,12.70,41724200
AMAT,20081013,13.29,14.02,11.11,11.99,32948500
AMAT,20081020,12.49,13.12,10.52,11.40,27453400
AMAT,20081027,11.17,13.18,10.92,12.91,24176300
AMAT,20081103,13.00,13.53,10.84,11.30,19524700
AMAT,20081110,11.40,11.44,9.91,10.23,23662000
AMAT,20081117,10.14,10.33,7.80,8.35,27446100
AMAT,20081124,8.58,9.75,8.42,9.58,20395800
AMAT,20081201,9.36,10.05,8.57,10.00,22477300
AMAT,20081208,10.07,10.83,9.62,10.45,19258000
AMAT,20081215,10.45,10.85,9.98,10.13,19900000
AMAT,20081222,10.01,10.24,9.52,9.69,8661100
AMAT,20081229,9.70,10.72,9.58,10.67,9596100
AMAT,20090105,10.44,11.71,10.27,10.37,21637900
AMAT,20090112,10.40,10.63,9.29,10.18,20622000
AMAT,20090120,10.03,10.15,8.85,9.71,20724200
AMAT,20090126,9.62,10.47,9.31,9.37,19122400
AMAT,20090202,9.25,10.51,9.07,10.45,21787000
AMAT,20090209,10.46,10.56,9.07,9.51,31399600
AMAT,20090217,9.11,9.15,8.19,8.76,28811800
AMAT,20090223,8.80,9.99,8.33,9.21,37268300
AMAT,20090302,9.06,9.44,8.45,8.70,27653100
AMAT,20090309,8.48,10.61,8.46,10.59,24730200
AMAT,20090316,10.68,10.99,10.08,10.21,26048500
AMAT,20090323,10.47,11.69,10.44,11.23,23706900
AMAT,20090330,10.91,11.82,10.45,11.81,19079500
AMAT,20090406,11.70,11.76,10.40,11.45,19454600
AMAT,20090413,11.46,11.99,11.14,11.92,19073000
AMAT,20090420,11.67,11.94,10.95,11.70,20351900
AMAT,20090427,11.60,12.48,11.24,12.18,16173600
AMAT,20090504,12.30,12.88,11.41,11.89,20643100
AMAT,20090511,11.75,12.08,10.60,10.71,24912000
AMAT,20090518,10.82,11.46,10.47,10.67,16507100
AMAT,20090526,10.51,11.40,10.47,11.26,23348100
AMAT,20090601,11.44,12.10,10.85,10.98,20060700
AMAT,20090608,10.95,11.24,10.70,11.23,22897500
AMAT,20090615,11.07,11.22,10.62,10.98,18170000
AMAT,20090622,10.90,11.18,10.31,10.91,20381800
AMAT,20090629,10.92,11.38,10.82,11.13,19340100
AMAT,20090706,11.07,11.47,10.54,11.00,20903700
AMAT,20090713,11.05,12.76,10.82,12.67,28022200
AMAT,20090720,12.74,13.51,12.34,13.19,21845800
AMAT,20090727,13.15,14.19,12.93,13.80,20037700
AMAT,20090803,13.97,14.13,13.37,13.52,15356100
AMAT,20090810,13.57,13.98,13.16,13.55,26124700
AMAT,20090817,13.32,13.75,13.01,13.74,16091300
AMAT,20090824,13.76,13.98,13.12,13.27,22642700
AMAT,20090831,13.14,13.46,12.75,13.45,17161300
AMAT,20090908,13.53,13.98,13.40,13.51,19851900
AMAT,20090914,13.39,13.50,12.92,13.03,26107500
AMAT,20090921,12.85,13.50,12.56,13.10,28976900
AMAT,20090928,13.42,13.64,12.63,12.68,21852200
AMAT,20091005,12.80,13.26,12.54,13.22,21807700
AMAT,20091012,13.30,13.85,13.14,13.38,22921100
AMAT,20091019,13.38,13.76,12.80,12.95,17720500
AMAT,20091026,12.97,13.24,11.48,12.20,17516700
AMAT,20091102,12.22,12.58,11.78,12.40,19830700
AMAT,20091109,12.65,13.41,12.57,12.72,27104200
AMAT,20091116,12.80,13.08,12.20,12.28,18896300
AMAT,20091123,12.41,12.59,12.04,12.29,11212200
AMAT,20091130,12.26,13.56,12.12,13.32,20674900
AMAT,20091207,13.23,13.64,13.02,13.38,17095000
AMAT,20091214,13.53,13.99,13.31,13.62,17552000
AMAT,20091221,13.77,14.22,13.72,14.00,12265200
AMAT,20091228,14.04,14.14,13.70,13.94,8970000
AMAT,20100104,14.05,14.59,13.96,14.55,22049600
AMAT,20100111,14.84,14.94,13.67,13.73,32419300
AMAT,20100119,13.77,14.09,12.61,12.63,26802600
AMAT,20100125,12.66,13.09,12.15,12.18,33545800
AMAT,20100201,12.34,12.59,11.66,12.23,32488300
AMAT,20100208,12.25,12.72,12.03,12.47,19690000
AMAT,20100216,12.67,13.15,12.31,12.50,30292200
AMAT,20100222,12.53,12.59,11.94,12.24,23237800
AMAT,20100301,12.30,12.64,12.09,12.29,21465500
AMAT,20100308,12.52,12.55,12.24,12.53,29799000